{
  "field" : "golden",
  "symmetry" : "icosahedral",
  "orientations" : [ [ 1.0, 0.0, 0.0, 0.0, 0.0, 1.0, 0.0, 0.0, 0.0, 0.0, 1.0, 0.0, 0.0, 0.0, 0.0, 1.0 ], [ 0.0, 0.0, 1.0, 0.0, 1.0, 0.0, 0.0, 0.0, 0.0, 1.0, 0.0, 0.0, 0.0, 0.0, 0.0, 1.0 ], [ 0.0, 1.0, 0.0, 0.0, 0.0, 0.0, 1.0, 0.0, 1.0, 0.0, 0.0, 0.0, 0.0, 0.0, 0.0, 1.0 ], [ 0.809017, 0.309017, 0.5, 0.0, 0.309017, 0.5, -0.809017, 0.0, -0.5, 0.809017, 0.309017, 0.0, 0.0, 0.0, 0.0, 1.0 ], [ -0.5, 0.809017, 0.309017, 0.0, 0.809017, 0.309017, 0.5, 0.0, 0.309017, 0.5, -0.809017, 0.0, 0.0, 0.0, 0.0, 1.0 ], [ 0.309017, 0.5, -0.809017, 0.0, -0.5, 0.809017, 0.309017, 0.0, 0.809017, 0.309017, 0.5, 0.0, 0.0, 0.0, 0.0, 1.0 ], [ 0.5, 0.809017, 0.309017, 0.0, 0.809017, -0.309017, -0.5, 0.0, -0.309017, 0.5, -0.809017, 0.0, 0.0, 0.0, 0.0, 1.0 ], [ -0.309017, 0.5, -0.809017, 0.0, 0.5, 0.809017, 0.309017, 0.0, 0.809017, -0.309017, -0.5, 0.0, 0.0, 0.0, 0.0, 1.0 ], [ 0.809017, -0.309017, -0.5, 0.0, -0.309017, 0.5, -0.809017, 0.0, 0.5, 0.809017, 0.309017, 0.0, 0.0, 0.0, 0.0, 1.0 ], [ 0.5, 0.809017, -0.309017, 0.0, 0.809017, -0.309017, 0.5, 0.0, 0.309017, -0.5, -0.809017, 0.0, 0.0, 0.0, 0.0, 1.0 ], [ 0.309017, -0.5, -0.809017, 0.0, 0.5, 0.809017, -0.309017, 0.0, 0.809017, -0.309017, 0.5, 0.0, 0.0, 0.0, 0.0, 1.0 ], [ 0.809017, -0.309017, 0.5, 0.0, 0.309017, -0.5, -0.809017, 0.0, 0.5, 0.809017, -0.309017, 0.0, 0.0, 0.0, 0.0, 1.0 ], [ 0.809017, 0.309017, -0.5, 0.0, 0.309017, 0.5, 0.809017, 0.0, 0.5, -0.809017, 0.309017, 0.0, 0.0, 0.0, 0.0, 1.0 ], [ 0.5, -0.809017, 0.309017, 0.0, 0.809017, 0.309017, -0.5, 0.0, 0.309017, 0.5, 0.809017, 0.0, 0.0, 0.0, 0.0, 1.0 ], [ 0.309017, 0.5, 0.809017, 0.0, 0.5, -0.809017, 0.309017, 0.0, 0.809017, 0.309017, -0.5, 0.0, 0.0, 0.0, 0.0, 1.0 ], [ 1.0, 0.0, 0.0, 0.0, 0.0, -1.0, 0.0, 0.0, 0.0, 0.0, -1.0, 0.0, 0.0, 0.0, 0.0, 1.0 ], [ 0.0, 0.0, 1.0, 0.0, -1.0, 0.0, 0.0, 0.0, 0.0, -1.0, 0.0, 0.0, 0.0, 0.0, 0.0, 1.0 ], [ 0.0, 1.0, 0.0, 0.0, 0.0, 0.0, -1.0, 0.0, -1.0, 0.0, 0.0, 0.0, 0.0, 0.0, 0.0, 1.0 ], [ 0.809017, 0.309017, 0.5, 0.0, -0.309017, -0.5, 0.809017, 0.0, 0.5, -0.809017, -0.309017, 0.0, 0.0, 0.0, 0.0, 1.0 ], [ -0.5, 0.809017, 0.309017, 0.0, -0.809017, -0.309017, -0.5, 0.0, -0.309017, -0.5, 0.809017, 0.0, 0.0, 0.0, 0.0, 1.0 ], [ 0.309017, 0.5, -0.809017, 0.0, 0.5, -0.809017, -0.309017, 0.0, -0.809017, -0.309017, -0.5, 0.0, 0.0, 0.0, 0.0, 1.0 ], [ 0.5, 0.809017, 0.309017, 0.0, -0.809017, 0.309017, 0.5, 0.0, 0.309017, -0.5, 0.809017, 0.0, 0.0, 0.0, 0.0, 1.0 ], [ -0.309017, 0.5, -0.809017, 0.0, -0.5, -0.809017, -0.309017, 0.0, -0.809017, 0.309017, 0.5, 0.0, 0.0, 0.0, 0.0, 1.0 ], [ 0.809017, -0.309017, -0.5, 0.0, 0.309017, -0.5, 0.809017, 0.0, -0.5, -0.809017, -0.309017, 0.0, 0.0, 0.0, 0.0, 1.0 ], [ 0.5, 0.809017, -0.309017, 0.0, -0.809017, 0.309017, -0.5, 0.0, -0.309017, 0.5, 0.809017, 0.0, 0.0, 0.0, 0.0, 1.0 ], [ 0.309017, -0.5, -0.809017, 0.0, -0.5, -0.809017, 0.309017, 0.0, -0.809017, 0.309017, -0.5, 0.0, 0.0, 0.0, 0.0, 1.0 ], [ 0.809017, -0.309017, 0.5, 0.0, -0.309017, 0.5, 0.809017, 0.0, -0.5, -0.809017, 0.309017, 0.0, 0.0, 0.0, 0.0, 1.0 ], [ 0.809017, 0.309017, -0.5, 0.0, -0.309017, -0.5, -0.809017, 0.0, -0.5, 0.809017, -0.309017, 0.0, 0.0, 0.0, 0.0, 1.0 ], [ 0.5, -0.809017, 0.309017, 0.0, -0.809017, -0.309017, 0.5, 0.0, -0.309017, -0.5, -0.809017, 0.0, 0.0, 0.0, 0.0, 1.0 ], [ 0.309017, 0.5, 0.809017, 0.0, -0.5, 0.809017, -0.309017, 0.0, -0.809017, -0.309017, 0.5, 0.0, 0.0, 0.0, 0.0, 1.0 ], [ -1.0, 0.0, 0.0, 0.0, 0.0, -1.0, 0.0, 0.0, 0.0, 0.0, 1.0, 0.0, 0.0, 0.0, 0.0, 1.0 ], [ 0.0, 0.0, -1.0, 0.0, -1.0, 0.0, 0.0, 0.0, 0.0, 1.0, 0.0, 0.0, 0.0, 0.0, 0.0, 1.0 ], [ 0.0, -1.0, 0.0, 0.0, 0.0, 0.0, -1.0, 0.0, 1.0, 0.0, 0.0, 0.0, 0.0, 0.0, 0.0, 1.0 ], [ -0.809017, -0.309017, -0.5, 0.0, -0.309017, -0.5, 0.809017, 0.0, -0.5, 0.809017, 0.309017, 0.0, 0.0, 0.0, 0.0, 1.0 ], [ 0.5, -0.809017, -0.309017, 0.0, -0.809017, -0.309017, -0.5, 0.0, 0.309017, 0.5, -0.809017, 0.0, 0.0, 0.0, 0.0, 1.0 ], [ -0.309017, -0.5, 0.809017, 0.0, 0.5, -0.809017, -0.309017, 0.0, 0.809017, 0.309017, 0.5, 0.0, 0.0, 0.0, 0.0, 1.0 ], [ -0.5, -0.809017, -0.309017, 0.0, -0.809017, 0.309017, 0.5, 0.0, -0.309017, 0.5, -0.809017, 0.0, 0.0, 0.0, 0.0, 1.0 ], [ 0.309017, -0.5, 0.809017, 0.0, -0.5, -0.809017, -0.309017, 0.0, 0.809017, -0.309017, -0.5, 0.0, 0.0, 0.0, 0.0, 1.0 ], [ -0.809017, 0.309017, 0.5, 0.0, 0.309017, -0.5, 0.809017, 0.0, 0.5, 0.809017, 0.309017, 0.0, 0.0, 0.0, 0.0, 1.0 ], [ -0.5, -0.809017, 0.309017, 0.0, -0.809017, 0.309017, -0.5, 0.0, 0.309017, -0.5, -0.809017, 0.0, 0.0, 0.0, 0.0, 1.0 ], [ -0.309017, 0.5, 0.809017, 0.0, -0.5, -0.809017, 0.309017, 0.0, 0.809017, -0.309017, 0.5, 0.0, 0.0, 0.0, 0.0, 1.0 ], [ -0.809017, 0.309017, -0.5, 0.0, -0.309017, 0.5, 0.809017, 0.0, 0.5, 0.809017, -0.309017, 0.0, 0.0, 0.0, 0.0, 1.0 ], [ -0.809017, -0.309017, 0.5, 0.0, -0.309017, -0.5, -0.809017, 0.0, 0.5, -0.809017, 0.309017, 0.0, 0.0, 0.0, 0.0, 1.0 ], [ -0.5, 0.809017, -0.309017, 0.0, -0.809017, -0.309017, 0.5, 0.0, 0.309017, 0.5, 0.809017, 0.0, 0.0, 0.0, 0.0, 1.0 ], [ -0.309017, -0.5, -0.809017, 0.0, -0.5, 0.809017, -0.309017, 0.0, 0.809017, 0.309017, -0.5, 0.0, 0.0, 0.0, 0.0, 1.0 ], [ -1.0, 0.0, 0.0, 0.0, 0.0, 1.0, 0.0, 0.0, 0.0, 0.0, -1.0, 0.0, 0.0, 0.0, 0.0, 1.0 ], [ 0.0, 0.0, -1.0, 0.0, 1.0, 0.0, 0.0, 0.0, 0.0, -1.0, 0.0, 0.0, 0.0, 0.0, 0.0, 1.0 ], [ 0.0, -1.0, 0.0, 0.0, 0.0, 0.0, 1.0, 0.0, -1.0, 0.0, 0.0, 0.0, 0.0, 0.0, 0.0, 1.0 ], [ -0.809017, -0.309017, -0.5, 0.0, 0.309017, 0.5, -0.809017, 0.0, 0.5, -0.809017, -0.309017, 0.0, 0.0, 0.0, 0.0, 1.0 ], [ 0.5, -0.809017, -0.309017, 0.0, 0.809017, 0.309017, 0.5, 0.0, -0.309017, -0.5, 0.809017, 0.0, 0.0, 0.0, 0.0, 1.0 ], [ -0.309017, -0.5, 0.809017, 0.0, -0.5, 0.809017, 0.309017, 0.0, -0.809017, -0.309017, -0.5, 0.0, 0.0, 0.0, 0.0, 1.0 ], [ -0.5, -0.809017, -0.309017, 0.0, 0.809017, -0.309017, -0.5, 0.0, 0.309017, -0.5, 0.809017, 0.0, 0.0, 0.0, 0.0, 1.0 ], [ 0.309017, -0.5, 0.809017, 0.0, 0.5, 0.809017, 0.309017, 0.0, -0.809017, 0.309017, 0.5, 0.0, 0.0, 0.0, 0.0, 1.0 ], [ -0.809017, 0.309017, 0.5, 0.0, -0.309017, 0.5, -0.809017, 0.0, -0.5, -0.809017, -0.309017, 0.0, 0.0, 0.0, 0.0, 1.0 ], [ -0.5, -0.809017, 0.309017, 0.0, 0.809017, -0.309017, 0.5, 0.0, -0.309017, 0.5, 0.809017, 0.0, 0.0, 0.0, 0.0, 1.0 ], [ -0.309017, 0.5, 0.809017, 0.0, 0.5, 0.809017, -0.309017, 0.0, -0.809017, 0.309017, -0.5, 0.0, 0.0, 0.0, 0.0, 1.0 ], [ -0.809017, 0.309017, -0.5, 0.0, 0.309017, -0.5, -0.809017, 0.0, -0.5, -0.809017, 0.309017, 0.0, 0.0, 0.0, 0.0, 1.0 ], [ -0.809017, -0.309017, 0.5, 0.0, 0.309017, 0.5, 0.809017, 0.0, -0.5, 0.809017, -0.309017, 0.0, 0.0, 0.0, 0.0, 1.0 ], [ -0.5, 0.809017, -0.309017, 0.0, 0.809017, 0.309017, -0.5, 0.0, -0.309017, -0.5, -0.809017, 0.0, 0.0, 0.0, 0.0, 1.0 ], [ -0.309017, -0.5, -0.809017, 0.0, 0.5, -0.809017, 0.309017, 0.0, -0.809017, -0.309017, 0.5, 0.0, 0.0, 0.0, 0.0, 1.0 ] ],
  "lights" : {
    "ambientColor" : "#292929",
    "backgroundColor" : "#AFC8DC",
    "directionalLights" : [ {
      "direction" : {
        "x" : 1.0,
        "y" : -1.0,
        "z" : -1.0
      },
      "color" : "#EBEBE4"
    }, {
      "direction" : {
        "x" : -1.0,
        "y" : 0.0,
        "z" : 0.0
      },
      "color" : "#E4E4EB"
    }, {
      "direction" : {
        "x" : 0.0,
        "y" : 0.0,
        "z" : -1.0
      },
      "color" : "#1E1E1E"
    } ]
  },
  "camera" : {
    "stereo" : false,
    "width" : 122.77743,
    "viewDistance" : 272.83835,
    "nearClipDistance" : 0.682096,
    "farClipDistance" : 545.6756,
    "lookAtPoint" : {
      "x" : 0.0,
      "y" : 0.0,
      "z" : 0.0
    },
    "fieldOfView" : 0.44262946,
    "perspective" : false,
    "upDirection" : {
      "x" : -0.58778524,
      "y" : -0.4253254,
      "z" : 0.688191
    },
    "lookDirection" : {
      "x" : 0.0,
      "y" : -0.8506508,
      "z" : -0.5257311
    },
    "position" : {
      "x" : 0.0,
      "y" : 232.09015,
      "z" : 143.4396
    }
  },
  "embedding" : [ 1.0, 0.0, 0.0, 0.0, 0.0, 1.0, 0.0, 0.0, 0.0, 0.0, 1.0, 0.0, 0.0, 0.0, 0.0, 1.0 ],
  "shapes" : [ {
    "id" : "6215a7ac-f84a-4f4f-8efb-183982ae52ea",
    "vertices" : [ {
      "x" : 4.236068,
      "y" : 0.309017,
      "z" : 0.19098301
    }, {
      "x" : 4.236068,
      "y" : 0.309017,
      "z" : -0.19098301
    }, {
      "x" : 1.0,
      "y" : 0.309017,
      "z" : -0.19098301
    }, {
      "x" : 1.0,
      "y" : 0.309017,
      "z" : 0.19098301
    }, {
      "x" : 4.236068,
      "y" : -0.309017,
      "z" : 0.19098301
    }, {
      "x" : 1.0,
      "y" : -0.309017,
      "z" : 0.19098301
    }, {
      "x" : 1.0,
      "y" : -0.309017,
      "z" : -0.19098301
    }, {
      "x" : 4.236068,
      "y" : -0.309017,
      "z" : -0.19098301
    }, {
      "x" : 5.236068,
      "y" : 0.0,
      "z" : 0.0
    } ],
    "faces" : [ {
      "vertices" : [ 1, 7, 6 ]
    }, {
      "vertices" : [ 1, 6, 2 ]
    }, {
      "vertices" : [ 0, 1, 2 ]
    }, {
      "vertices" : [ 0, 2, 3 ]
    }, {
      "vertices" : [ 4, 5, 6 ]
    }, {
      "vertices" : [ 4, 6, 7 ]
    }, {
      "vertices" : [ 0, 3, 5 ]
    }, {
      "vertices" : [ 0, 5, 4 ]
    } ]
  }, {
    "id" : "3d06e897-7ba1-4c07-9784-c26a7776bd14",
    "vertices" : [ {
      "x" : 0.309017,
      "y" : -0.809017,
      "z" : 0.618034
    }, {
      "x" : 0.809017,
      "y" : -0.618034,
      "z" : 0.309017
    }, {
      "x" : 0.618034,
      "y" : -0.309017,
      "z" : 0.809017
    }, {
      "x" : 1.0,
      "y" : 0.309017,
      "z" : 0.19098301
    }, {
      "x" : 0.809017,
      "y" : 0.618034,
      "z" : 0.309017
    }, {
      "x" : 0.618034,
      "y" : 0.309017,
      "z" : 0.809017
    }, {
      "x" : 0.809017,
      "y" : 0.0,
      "z" : 0.690983
    }, {
      "x" : 0.19098301,
      "y" : -1.0,
      "z" : 0.309017
    }, {
      "x" : -0.19098301,
      "y" : -1.0,
      "z" : 0.309017
    }, {
      "x" : -0.19098301,
      "y" : -1.0,
      "z" : -0.309017
    }, {
      "x" : 0.19098301,
      "y" : -1.0,
      "z" : -0.309017
    }, {
      "x" : 1.0,
      "y" : -0.309017,
      "z" : -0.19098301
    }, {
      "x" : 0.809017,
      "y" : -0.618034,
      "z" : -0.309017
    }, {
      "x" : 0.618034,
      "y" : -0.309017,
      "z" : -0.809017
    }, {
      "x" : 0.809017,
      "y" : 0.0,
      "z" : -0.690983
    }, {
      "x" : 0.0,
      "y" : 0.690983,
      "z" : -0.809017
    }, {
      "x" : 0.309017,
      "y" : 0.809017,
      "z" : -0.618034
    }, {
      "x" : 0.618034,
      "y" : 0.309017,
      "z" : -0.809017
    }, {
      "x" : 0.309017,
      "y" : 0.19098301,
      "z" : -1.0
    }, {
      "x" : 1.0,
      "y" : 0.309017,
      "z" : -0.19098301
    }, {
      "x" : -0.309017,
      "y" : -0.809017,
      "z" : 0.618034
    }, {
      "x" : 0.0,
      "y" : -0.690983,
      "z" : 0.809017
    }, {
      "x" : 0.809017,
      "y" : 0.618034,
      "z" : -0.309017
    }, {
      "x" : 0.690983,
      "y" : 0.809017,
      "z" : 0.0
    }, {
      "x" : -0.690983,
      "y" : 0.809017,
      "z" : 0.0
    }, {
      "x" : -0.809017,
      "y" : 0.618034,
      "z" : 0.309017
    }, {
      "x" : -0.309017,
      "y" : 0.809017,
      "z" : 0.618034
    }, {
      "x" : -0.19098301,
      "y" : 1.0,
      "z" : 0.309017
    }, {
      "x" : 0.309017,
      "y" : -0.19098301,
      "z" : -1.0
    }, {
      "x" : 0.19098301,
      "y" : 1.0,
      "z" : 0.309017
    }, {
      "x" : 0.309017,
      "y" : 0.809017,
      "z" : 0.618034
    }, {
      "x" : -0.809017,
      "y" : -0.618034,
      "z" : 0.309017
    }, {
      "x" : -0.690983,
      "y" : -0.809017,
      "z" : 0.0
    }, {
      "x" : 0.0,
      "y" : 0.690983,
      "z" : 0.809017
    }, {
      "x" : 0.309017,
      "y" : -0.809017,
      "z" : -0.618034
    }, {
      "x" : 0.0,
      "y" : -0.690983,
      "z" : -0.809017
    }, {
      "x" : -1.0,
      "y" : 0.309017,
      "z" : 0.19098301
    }, {
      "x" : -0.809017,
      "y" : 0.0,
      "z" : 0.690983
    }, {
      "x" : -0.618034,
      "y" : 0.309017,
      "z" : 0.809017
    }, {
      "x" : 1.0,
      "y" : -0.309017,
      "z" : 0.19098301
    }, {
      "x" : -0.309017,
      "y" : -0.809017,
      "z" : -0.618034
    }, {
      "x" : -1.0,
      "y" : 0.309017,
      "z" : -0.19098301
    }, {
      "x" : -1.0,
      "y" : -0.309017,
      "z" : -0.19098301
    }, {
      "x" : -1.0,
      "y" : -0.309017,
      "z" : 0.19098301
    }, {
      "x" : 0.19098301,
      "y" : 1.0,
      "z" : -0.309017
    }, {
      "x" : -0.809017,
      "y" : 0.618034,
      "z" : -0.309017
    }, {
      "x" : -0.19098301,
      "y" : 1.0,
      "z" : -0.309017
    }, {
      "x" : -0.309017,
      "y" : 0.809017,
      "z" : -0.618034
    }, {
      "x" : -0.618034,
      "y" : -0.309017,
      "z" : 0.809017
    }, {
      "x" : 0.309017,
      "y" : 0.19098301,
      "z" : 1.0
    }, {
      "x" : -0.309017,
      "y" : 0.19098301,
      "z" : -1.0
    }, {
      "x" : -0.309017,
      "y" : 0.19098301,
      "z" : 1.0
    }, {
      "x" : -0.309017,
      "y" : -0.19098301,
      "z" : 1.0
    }, {
      "x" : 0.309017,
      "y" : -0.19098301,
      "z" : 1.0
    }, {
      "x" : 0.690983,
      "y" : -0.809017,
      "z" : 0.0
    }, {
      "x" : -0.809017,
      "y" : 0.0,
      "z" : -0.690983
    }, {
      "x" : -0.618034,
      "y" : -0.309017,
      "z" : -0.809017
    }, {
      "x" : -0.309017,
      "y" : -0.19098301,
      "z" : -1.0
    }, {
      "x" : -0.618034,
      "y" : 0.309017,
      "z" : -0.809017
    }, {
      "x" : -0.809017,
      "y" : -0.618034,
      "z" : -0.309017
    } ],
    "faces" : [ {
      "vertices" : [ 9, 40, 35 ]
    }, {
      "vertices" : [ 9, 35, 34 ]
    }, {
      "vertices" : [ 9, 34, 10 ]
    }, {
      "vertices" : [ 0, 1, 2 ]
    }, {
      "vertices" : [ 33, 51, 49 ]
    }, {
      "vertices" : [ 25, 36, 37 ]
    }, {
      "vertices" : [ 25, 37, 38 ]
    }, {
      "vertices" : [ 41, 55, 42 ]
    }, {
      "vertices" : [ 9, 32, 59 ]
    }, {
      "vertices" : [ 9, 59, 40 ]
    }, {
      "vertices" : [ 20, 21, 52 ]
    }, {
      "vertices" : [ 20, 52, 48 ]
    }, {
      "vertices" : [ 26, 33, 30 ]
    }, {
      "vertices" : [ 26, 30, 29 ]
    }, {
      "vertices" : [ 26, 29, 27 ]
    }, {
      "vertices" : [ 3, 4, 5 ]
    }, {
      "vertices" : [ 3, 5, 6 ]
    }, {
      "vertices" : [ 27, 29, 44 ]
    }, {
      "vertices" : [ 27, 44, 46 ]
    }, {
      "vertices" : [ 50, 57, 56 ]
    }, {
      "vertices" : [ 50, 56, 55 ]
    }, {
      "vertices" : [ 50, 55, 58 ]
    }, {
      "vertices" : [ 26, 38, 51 ]
    }, {
      "vertices" : [ 26, 51, 33 ]
    }, {
      "vertices" : [ 45, 47, 58 ]
    }, {
      "vertices" : [ 18, 28, 57 ]
    }, {
      "vertices" : [ 18, 57, 50 ]
    }, {
      "vertices" : [ 40, 59, 56 ]
    }, {
      "vertices" : [ 31, 48, 37 ]
    }, {
      "vertices" : [ 31, 37, 43 ]
    }, {
      "vertices" : [ 7, 8, 9 ]
    }, {
      "vertices" : [ 7, 9, 10 ]
    }, {
      "vertices" : [ 36, 41, 42 ]
    }, {
      "vertices" : [ 36, 42, 43 ]
    }, {
      "vertices" : [ 24, 46, 47 ]
    }, {
      "vertices" : [ 24, 47, 45 ]
    }, {
      "vertices" : [ 4, 30, 5 ]
    }, {
      "vertices" : [ 15, 47, 46 ]
    }, {
      "vertices" : [ 15, 46, 44 ]
    }, {
      "vertices" : [ 15, 44, 16 ]
    }, {
      "vertices" : [ 15, 50, 58 ]
    }, {
      "vertices" : [ 15, 58, 47 ]
    }, {
      "vertices" : [ 24, 45, 41 ]
    }, {
      "vertices" : [ 24, 41, 36 ]
    }, {
      "vertices" : [ 24, 36, 25 ]
    }, {
      "vertices" : [ 11, 14, 19 ]
    }, {
      "vertices" : [ 3, 6, 39 ]
    }, {
      "vertices" : [ 1, 39, 6 ]
    }, {
      "vertices" : [ 1, 6, 2 ]
    }, {
      "vertices" : [ 8, 32, 9 ]
    }, {
      "vertices" : [ 11, 12, 13 ]
    }, {
      "vertices" : [ 11, 13, 14 ]
    }, {
      "vertices" : [ 16, 22, 17 ]
    }, {
      "vertices" : [ 0, 21, 20 ]
    }, {
      "vertices" : [ 0, 20, 8 ]
    }, {
      "vertices" : [ 0, 8, 7 ]
    }, {
      "vertices" : [ 12, 34, 13 ]
    }, {
      "vertices" : [ 35, 40, 56 ]
    }, {
      "vertices" : [ 35, 56, 57 ]
    }, {
      "vertices" : [ 0, 7, 54 ]
    }, {
      "vertices" : [ 0, 54, 1 ]
    }, {
      "vertices" : [ 15, 16, 17 ]
    }, {
      "vertices" : [ 15, 17, 18 ]
    }, {
      "vertices" : [ 3, 19, 22 ]
    }, {
      "vertices" : [ 3, 22, 23 ]
    }, {
      "vertices" : [ 3, 23, 4 ]
    }, {
      "vertices" : [ 7, 10, 54 ]
    }, {
      "vertices" : [ 41, 45, 58 ]
    }, {
      "vertices" : [ 41, 58, 55 ]
    }, {
      "vertices" : [ 3, 39, 11 ]
    }, {
      "vertices" : [ 3, 11, 19 ]
    }, {
      "vertices" : [ 14, 17, 22 ]
    }, {
      "vertices" : [ 14, 22, 19 ]
    }, {
      "vertices" : [ 0, 2, 53 ]
    }, {
      "vertices" : [ 0, 53, 21 ]
    }, {
      "vertices" : [ 49, 51, 52 ]
    }, {
      "vertices" : [ 49, 52, 53 ]
    }, {
      "vertices" : [ 31, 43, 42 ]
    }, {
      "vertices" : [ 31, 42, 59 ]
    }, {
      "vertices" : [ 31, 59, 32 ]
    }, {
      "vertices" : [ 15, 18, 50 ]
    }, {
      "vertices" : [ 42, 55, 56 ]
    }, {
      "vertices" : [ 42, 56, 59 ]
    }, {
      "vertices" : [ 4, 23, 29 ]
    }, {
      "vertices" : [ 4, 29, 30 ]
    }, {
      "vertices" : [ 25, 38, 26 ]
    }, {
      "vertices" : [ 13, 28, 18 ]
    }, {
      "vertices" : [ 13, 18, 17 ]
    }, {
      "vertices" : [ 13, 17, 14 ]
    }, {
      "vertices" : [ 8, 20, 31 ]
    }, {
      "vertices" : [ 8, 31, 32 ]
    }, {
      "vertices" : [ 23, 44, 29 ]
    }, {
      "vertices" : [ 24, 27, 46 ]
    }, {
      "vertices" : [ 37, 48, 52 ]
    }, {
      "vertices" : [ 37, 52, 51 ]
    }, {
      "vertices" : [ 37, 51, 38 ]
    }, {
      "vertices" : [ 20, 48, 31 ]
    }, {
      "vertices" : [ 24, 25, 26 ]
    }, {
      "vertices" : [ 24, 26, 27 ]
    }, {
      "vertices" : [ 16, 44, 23 ]
    }, {
      "vertices" : [ 16, 23, 22 ]
    }, {
      "vertices" : [ 13, 34, 35 ]
    }, {
      "vertices" : [ 13, 35, 28 ]
    }, {
      "vertices" : [ 10, 34, 12 ]
    }, {
      "vertices" : [ 10, 12, 54 ]
    }, {
      "vertices" : [ 2, 6, 5 ]
    }, {
      "vertices" : [ 2, 5, 49 ]
    }, {
      "vertices" : [ 2, 49, 53 ]
    }, {
      "vertices" : [ 36, 43, 37 ]
    }, {
      "vertices" : [ 5, 30, 33 ]
    }, {
      "vertices" : [ 5, 33, 49 ]
    }, {
      "vertices" : [ 1, 54, 12 ]
    }, {
      "vertices" : [ 1, 12, 11 ]
    }, {
      "vertices" : [ 1, 11, 39 ]
    }, {
      "vertices" : [ 28, 35, 57 ]
    }, {
      "vertices" : [ 21, 53, 52 ]
    } ]
  }, {
    "id" : "39f2498e-c37f-420f-b0cf-55d9b7a2ca03",
    "vertices" : [ {
      "x" : 7.472136,
      "y" : 0.309017,
      "z" : 0.19098301
    }, {
      "x" : 7.472136,
      "y" : 0.309017,
      "z" : -0.19098301
    }, {
      "x" : 1.0,
      "y" : 0.309017,
      "z" : -0.19098301
    }, {
      "x" : 1.0,
      "y" : 0.309017,
      "z" : 0.19098301
    }, {
      "x" : 7.472136,
      "y" : -0.309017,
      "z" : 0.19098301
    }, {
      "x" : 1.0,
      "y" : -0.309017,
      "z" : 0.19098301
    }, {
      "x" : 1.0,
      "y" : -0.309017,
      "z" : -0.19098301
    }, {
      "x" : 7.472136,
      "y" : -0.309017,
      "z" : -0.19098301
    }, {
      "x" : 8.472136,
      "y" : 0.0,
      "z" : 0.0
    } ],
    "faces" : [ {
      "vertices" : [ 1, 7, 6 ]
    }, {
      "vertices" : [ 1, 6, 2 ]
    }, {
      "vertices" : [ 0, 1, 2 ]
    }, {
      "vertices" : [ 0, 2, 3 ]
    }, {
      "vertices" : [ 4, 5, 6 ]
    }, {
      "vertices" : [ 4, 6, 7 ]
    }, {
      "vertices" : [ 0, 3, 5 ]
    }, {
      "vertices" : [ 0, 5, 4 ]
    } ]
  }, {
    "id" : "c712f40f-8a48-4f7b-a91a-465af9a4da11",
    "vertices" : [ {
      "x" : 12.708204,
      "y" : 0.309017,
      "z" : 0.19098301
    }, {
      "x" : 12.708204,
      "y" : 0.309017,
      "z" : -0.19098301
    }, {
      "x" : 1.0,
      "y" : 0.309017,
      "z" : -0.19098301
    }, {
      "x" : 1.0,
      "y" : 0.309017,
      "z" : 0.19098301
    }, {
      "x" : 12.708204,
      "y" : -0.309017,
      "z" : 0.19098301
    }, {
      "x" : 1.0,
      "y" : -0.309017,
      "z" : 0.19098301
    }, {
      "x" : 1.0,
      "y" : -0.309017,
      "z" : -0.19098301
    }, {
      "x" : 12.708204,
      "y" : -0.309017,
      "z" : -0.19098301
    }, {
      "x" : 13.708204,
      "y" : 0.0,
      "z" : 0.0
    } ],
    "faces" : [ {
      "vertices" : [ 1, 7, 6 ]
    }, {
      "vertices" : [ 1, 6, 2 ]
    }, {
      "vertices" : [ 0, 1, 2 ]
    }, {
      "vertices" : [ 0, 2, 3 ]
    }, {
      "vertices" : [ 4, 5, 6 ]
    }, {
      "vertices" : [ 4, 6, 7 ]
    }, {
      "vertices" : [ 0, 3, 5 ]
    }, {
      "vertices" : [ 0, 5, 4 ]
    } ]
  }, {
    "id" : "89c6a6ef-7a89-47e3-9fb2-946d9d9dfc68",
    "vertices" : [ {
      "x" : 21.18034,
      "y" : 0.309017,
      "z" : 0.19098301
    }, {
      "x" : 21.18034,
      "y" : 0.309017,
      "z" : -0.19098301
    }, {
      "x" : 1.0,
      "y" : 0.309017,
      "z" : -0.19098301
    }, {
      "x" : 1.0,
      "y" : 0.309017,
      "z" : 0.19098301
    }, {
      "x" : 21.18034,
      "y" : -0.309017,
      "z" : 0.19098301
    }, {
      "x" : 1.0,
      "y" : -0.309017,
      "z" : 0.19098301
    }, {
      "x" : 1.0,
      "y" : -0.309017,
      "z" : -0.19098301
    }, {
      "x" : 21.18034,
      "y" : -0.309017,
      "z" : -0.19098301
    }, {
      "x" : 22.18034,
      "y" : 0.0,
      "z" : 0.0
    } ],
    "faces" : [ {
      "vertices" : [ 1, 7, 6 ]
    }, {
      "vertices" : [ 1, 6, 2 ]
    }, {
      "vertices" : [ 0, 1, 2 ]
    }, {
      "vertices" : [ 0, 2, 3 ]
    }, {
      "vertices" : [ 4, 5, 6 ]
    }, {
      "vertices" : [ 4, 6, 7 ]
    }, {
      "vertices" : [ 0, 3, 5 ]
    }, {
      "vertices" : [ 0, 5, 4 ]
    } ]
  } ],
  "instances" : [ {
    "shape" : "6215a7ac-f84a-4f4f-8efb-183982ae52ea",
    "color" : "#007695",
    "position" : {
      "x" : -6.854102,
      "y" : 11.09017,
      "z" : -4.236068
    },
    "orientation" : 53
  }, {
    "shape" : "3d06e897-7ba1-4c07-9784-c26a7776bd14",
    "color" : "#FFFFFF",
    "position" : {
      "x" : 6.854102,
      "y" : 11.09017,
      "z" : 17.944271
    }
  }, {
    "shape" : "39f2498e-c37f-420f-b0cf-55d9b7a2ca03",
    "color" : "#007695",
    "position" : {
      "x" : 15.326238,
      "y" : 11.09017,
      "z" : 17.944271
    },
    "orientation" : 45
  }, {
    "shape" : "3d06e897-7ba1-4c07-9784-c26a7776bd14",
    "color" : "#0099CC",
    "position" : {
      "x" : -4.236068,
      "y" : -6.854102,
      "z" : -24.798374
    }
  }, {
    "shape" : "3d06e897-7ba1-4c07-9784-c26a7776bd14",
    "color" : "#0099CC",
    "position" : {
      "x" : 17.944271,
      "y" : 6.854102,
      "z" : 24.798374
    }
  }, {
    "shape" : "3d06e897-7ba1-4c07-9784-c26a7776bd14",
    "color" : "#0099CC",
    "position" : {
      "x" : 29.034441,
      "y" : -11.09017,
      "z" : 4.236068
    }
  }, {
    "shape" : "3d06e897-7ba1-4c07-9784-c26a7776bd14",
    "color" : "#0099CC",
    "position" : {
      "x" : -6.854102,
      "y" : -2.618034,
      "z" : 17.944271
    }
  }, {
    "shape" : "39f2498e-c37f-420f-b0cf-55d9b7a2ca03",
    "color" : "#007695",
    "position" : {
      "x" : 0.0,
      "y" : 0.0,
      "z" : 13.708204
    },
    "orientation" : 54
  }, {
    "shape" : "39f2498e-c37f-420f-b0cf-55d9b7a2ca03",
    "color" : "#007695",
    "position" : {
      "x" : -11.09017,
      "y" : 9.472136,
      "z" : 6.854102
    },
    "orientation" : 1
  }, {
    "shape" : "c712f40f-8a48-4f7b-a91a-465af9a4da11",
    "color" : "#007695",
    "position" : {
      "x" : -4.236068,
      "y" : 6.854102,
      "z" : -24.798374
    },
    "orientation" : 25
  }, {
    "shape" : "3d06e897-7ba1-4c07-9784-c26a7776bd14",
    "color" : "#0099CC",
    "position" : {
      "x" : 15.326238,
      "y" : -11.09017,
      "z" : 4.236068
    }
  }, {
    "shape" : "6215a7ac-f84a-4f4f-8efb-183982ae52ea",
    "color" : "#007695",
    "position" : {
      "x" : -17.944271,
      "y" : -6.854102,
      "z" : -2.618034
    },
    "orientation" : 24
  }, {
    "shape" : "6215a7ac-f84a-4f4f-8efb-183982ae52ea",
    "color" : "#007695",
    "position" : {
      "x" : -4.236068,
      "y" : 6.854102,
      "z" : -11.09017
    },
    "orientation" : 51
  }, {
    "shape" : "39f2498e-c37f-420f-b0cf-55d9b7a2ca03",
    "color" : "#007695",
    "position" : {
      "x" : -24.798374,
      "y" : -17.944271,
      "z" : -6.854102
    },
    "orientation" : 51
  }, {
    "shape" : "39f2498e-c37f-420f-b0cf-55d9b7a2ca03",
    "color" : "#007695",
    "position" : {
      "x" : -24.798374,
      "y" : 4.236068,
      "z" : -6.854102
    },
    "orientation" : 37
  }, {
    "shape" : "c712f40f-8a48-4f7b-a91a-465af9a4da11",
    "color" : "#007695",
    "position" : {
      "x" : 17.944271,
      "y" : -15.326238,
      "z" : -11.09017
    },
    "orientation" : 16
  }, {
    "shape" : "3d06e897-7ba1-4c07-9784-c26a7776bd14",
    "color" : "#0099CC",
    "position" : {
      "x" : 24.798374,
      "y" : -17.944271,
      "z" : -6.854102
    }
  }, {
    "shape" : "39f2498e-c37f-420f-b0cf-55d9b7a2ca03",
    "color" : "#007695",
    "position" : {
      "x" : -9.472136,
      "y" : 6.854102,
      "z" : -11.09017
    },
    "orientation" : 52
  }, {
    "shape" : "39f2498e-c37f-420f-b0cf-55d9b7a2ca03",
    "color" : "#007695",
    "position" : {
      "x" : -6.854102,
      "y" : -11.09017,
      "z" : 17.944271
    },
    "orientation" : 10
  }, {
    "shape" : "6215a7ac-f84a-4f4f-8efb-183982ae52ea",
    "color" : "#007695",
    "position" : {
      "x" : 4.236068,
      "y" : -6.854102,
      "z" : 11.09017
    },
    "orientation" : 41
  }, {
    "shape" : "3d06e897-7ba1-4c07-9784-c26a7776bd14",
    "color" : "#FFFFFF",
    "position" : {
      "x" : -17.944271,
      "y" : 6.854102,
      "z" : -11.09017
    }
  }, {
    "shape" : "39f2498e-c37f-420f-b0cf-55d9b7a2ca03",
    "color" : "#007695",
    "position" : {
      "x" : -15.326238,
      "y" : 2.618034,
      "z" : 4.236068
    },
    "orientation" : 7
  }, {
    "shape" : "c712f40f-8a48-4f7b-a91a-465af9a4da11",
    "color" : "#007695",
    "position" : {
      "x" : -4.236068,
      "y" : -6.854102,
      "z" : 24.798374
    },
    "orientation" : 10
  }, {
    "shape" : "c712f40f-8a48-4f7b-a91a-465af9a4da11",
    "color" : "#007695",
    "position" : {
      "x" : 0.0,
      "y" : 13.708204,
      "z" : -22.18034
    },
    "orientation" : 23
  }, {
    "shape" : "39f2498e-c37f-420f-b0cf-55d9b7a2ca03",
    "color" : "#007695",
    "position" : {
      "x" : 6.854102,
      "y" : -11.09017,
      "z" : -17.944271
    },
    "orientation" : 51
  }, {
    "shape" : "c712f40f-8a48-4f7b-a91a-465af9a4da11",
    "color" : "#007695",
    "position" : {
      "x" : 11.09017,
      "y" : -17.944271,
      "z" : 15.326238
    },
    "orientation" : 2
  }, {
    "shape" : "3d06e897-7ba1-4c07-9784-c26a7776bd14",
    "color" : "#0099CC",
    "position" : {
      "x" : -15.326238,
      "y" : 2.618034,
      "z" : 4.236068
    }
  }, {
    "shape" : "6215a7ac-f84a-4f4f-8efb-183982ae52ea",
    "color" : "#007695",
    "position" : {
      "x" : 11.09017,
      "y" : 4.236068,
      "z" : -6.854102
    },
    "orientation" : 24
  }, {
    "shape" : "c712f40f-8a48-4f7b-a91a-465af9a4da11",
    "color" : "#007695",
    "position" : {
      "x" : -24.798374,
      "y" : -4.236068,
      "z" : -6.854102
    },
    "orientation" : 22
  }, {
    "shape" : "6215a7ac-f84a-4f4f-8efb-183982ae52ea",
    "color" : "#007695",
    "position" : {
      "x" : 4.236068,
      "y" : 6.854102,
      "z" : 11.09017
    },
    "orientation" : 40
  }, {
    "shape" : "6215a7ac-f84a-4f4f-8efb-183982ae52ea",
    "color" : "#007695",
    "position" : {
      "x" : 11.09017,
      "y" : -4.236068,
      "z" : -6.854102
    },
    "orientation" : 22
  }, {
    "shape" : "39f2498e-c37f-420f-b0cf-55d9b7a2ca03",
    "color" : "#007695",
    "position" : {
      "x" : -4.236068,
      "y" : 29.034441,
      "z" : -11.09017
    },
    "orientation" : 22
  }, {
    "shape" : "3d06e897-7ba1-4c07-9784-c26a7776bd14",
    "color" : "#0099CC",
    "position" : {
      "x" : -4.236068,
      "y" : 15.326238,
      "z" : -2.618034
    }
  }, {
    "shape" : "3d06e897-7ba1-4c07-9784-c26a7776bd14",
    "color" : "#0099CC",
    "position" : {
      "x" : 13.708204,
      "y" : -22.18034,
      "z" : 0.0
    }
  }, {
    "shape" : "89c6a6ef-7a89-47e3-9fb2-946d9d9dfc68",
    "color" : "#007695",
    "position" : {
      "x" : -17.944271,
      "y" : -29.034441,
      "z" : -11.09017
    },
    "orientation" : 8
  }, {
    "shape" : "39f2498e-c37f-420f-b0cf-55d9b7a2ca03",
    "color" : "#007695",
    "position" : {
      "x" : -11.09017,
      "y" : 4.236068,
      "z" : 6.854102
    },
    "orientation" : 16
  }, {
    "shape" : "39f2498e-c37f-420f-b0cf-55d9b7a2ca03",
    "color" : "#007695",
    "position" : {
      "x" : 0.0,
      "y" : 0.0,
      "z" : -22.18034
    },
    "orientation" : 11
  }, {
    "shape" : "39f2498e-c37f-420f-b0cf-55d9b7a2ca03",
    "color" : "#007695",
    "position" : {
      "x" : 6.854102,
      "y" : 11.09017,
      "z" : 17.944271
    },
    "orientation" : 24
  }, {
    "shape" : "39f2498e-c37f-420f-b0cf-55d9b7a2ca03",
    "color" : "#007695",
    "position" : {
      "x" : -29.034441,
      "y" : -11.09017,
      "z" : 4.236068
    },
    "orientation" : 21
  }, {
    "shape" : "c712f40f-8a48-4f7b-a91a-465af9a4da11",
    "color" : "#007695",
    "position" : {
      "x" : 17.944271,
      "y" : 29.034441,
      "z" : -11.09017
    },
    "orientation" : 37
  }, {
    "shape" : "c712f40f-8a48-4f7b-a91a-465af9a4da11",
    "color" : "#007695",
    "position" : {
      "x" : 0.0,
      "y" : 35.888542,
      "z" : 0.0
    },
    "orientation" : 22
  }, {
    "shape" : "6215a7ac-f84a-4f4f-8efb-183982ae52ea",
    "color" : "#007695",
    "position" : {
      "x" : 4.236068,
      "y" : 6.854102,
      "z" : 11.09017
    },
    "orientation" : 6
  }, {
    "shape" : "39f2498e-c37f-420f-b0cf-55d9b7a2ca03",
    "color" : "#007695",
    "position" : {
      "x" : -17.944271,
      "y" : -6.854102,
      "z" : 11.09017
    },
    "orientation" : 37
  }, {
    "shape" : "39f2498e-c37f-420f-b0cf-55d9b7a2ca03",
    "color" : "#007695",
    "position" : {
      "x" : 4.236068,
      "y" : -15.326238,
      "z" : -2.618034
    },
    "orientation" : 39
  }, {
    "shape" : "3d06e897-7ba1-4c07-9784-c26a7776bd14",
    "color" : "#0099CC",
    "position" : {
      "x" : 24.798374,
      "y" : 17.944271,
      "z" : -6.854102
    }
  }, {
    "shape" : "39f2498e-c37f-420f-b0cf-55d9b7a2ca03",
    "color" : "#007695",
    "position" : {
      "x" : -4.236068,
      "y" : 6.854102,
      "z" : 11.09017
    },
    "orientation" : 0
  }, {
    "shape" : "3d06e897-7ba1-4c07-9784-c26a7776bd14",
    "color" : "#0099CC",
    "position" : {
      "x" : 11.09017,
      "y" : -4.236068,
      "z" : 29.034441
    }
  }, {
    "shape" : "39f2498e-c37f-420f-b0cf-55d9b7a2ca03",
    "color" : "#007695",
    "position" : {
      "x" : -2.618034,
      "y" : 4.236068,
      "z" : 15.326238
    },
    "orientation" : 51
  }, {
    "shape" : "39f2498e-c37f-420f-b0cf-55d9b7a2ca03",
    "color" : "#007695",
    "position" : {
      "x" : 4.236068,
      "y" : -6.854102,
      "z" : 11.09017
    },
    "orientation" : 23
  }, {
    "shape" : "39f2498e-c37f-420f-b0cf-55d9b7a2ca03",
    "color" : "#007695",
    "position" : {
      "x" : -4.236068,
      "y" : -29.034441,
      "z" : -11.09017
    },
    "orientation" : 0
  }, {
    "shape" : "6215a7ac-f84a-4f4f-8efb-183982ae52ea",
    "color" : "#007695",
    "position" : {
      "x" : 6.854102,
      "y" : -11.09017,
      "z" : 9.472136
    },
    "orientation" : 51
  }, {
    "shape" : "3d06e897-7ba1-4c07-9784-c26a7776bd14",
    "color" : "#0099CC",
    "position" : {
      "x" : -4.236068,
      "y" : 6.854102,
      "z" : -24.798374
    }
  }, {
    "shape" : "39f2498e-c37f-420f-b0cf-55d9b7a2ca03",
    "color" : "#007695",
    "position" : {
      "x" : -11.09017,
      "y" : -4.236068,
      "z" : 6.854102
    },
    "orientation" : 55
  }, {
    "shape" : "3d06e897-7ba1-4c07-9784-c26a7776bd14",
    "color" : "#0099CC",
    "position" : {
      "x" : 4.236068,
      "y" : -6.854102,
      "z" : -24.798374
    }
  }, {
    "shape" : "39f2498e-c37f-420f-b0cf-55d9b7a2ca03",
    "color" : "#007695",
    "position" : {
      "x" : -6.854102,
      "y" : -24.798374,
      "z" : 17.944271
    },
    "orientation" : 11
  }, {
    "shape" : "39f2498e-c37f-420f-b0cf-55d9b7a2ca03",
    "color" : "#007695",
    "position" : {
      "x" : 0.0,
      "y" : -22.18034,
      "z" : -22.18034
    },
    "orientation" : 41
  }, {
    "shape" : "c712f40f-8a48-4f7b-a91a-465af9a4da11",
    "color" : "#007695",
    "position" : {
      "x" : 4.236068,
      "y" : -6.854102,
      "z" : -24.798374
    },
    "orientation" : 24
  }, {
    "shape" : "89c6a6ef-7a89-47e3-9fb2-946d9d9dfc68",
    "color" : "#007695",
    "position" : {
      "x" : -11.09017,
      "y" : 17.944271,
      "z" : 29.034441
    },
    "orientation" : 55
  }, {
    "shape" : "39f2498e-c37f-420f-b0cf-55d9b7a2ca03",
    "color" : "#007695",
    "position" : {
      "x" : 2.618034,
      "y" : -4.236068,
      "z" : -15.326238
    },
    "orientation" : 55
  }, {
    "shape" : "39f2498e-c37f-420f-b0cf-55d9b7a2ca03",
    "color" : "#007695",
    "position" : {
      "x" : -4.236068,
      "y" : 6.854102,
      "z" : -24.798374
    },
    "orientation" : 21
  }, {
    "shape" : "39f2498e-c37f-420f-b0cf-55d9b7a2ca03",
    "color" : "#007695",
    "position" : {
      "x" : 6.854102,
      "y" : 11.09017,
      "z" : -17.944271
    },
    "orientation" : 7
  }, {
    "shape" : "39f2498e-c37f-420f-b0cf-55d9b7a2ca03",
    "color" : "#007695",
    "position" : {
      "x" : 17.944271,
      "y" : 6.854102,
      "z" : -11.09017
    },
    "orientation" : 36
  }, {
    "shape" : "c712f40f-8a48-4f7b-a91a-465af9a4da11",
    "color" : "#007695",
    "position" : {
      "x" : 0.0,
      "y" : -35.888542,
      "z" : 0.0
    },
    "orientation" : 7
  }, {
    "shape" : "6215a7ac-f84a-4f4f-8efb-183982ae52ea",
    "color" : "#007695",
    "position" : {
      "x" : 6.854102,
      "y" : -11.09017,
      "z" : -4.236068
    },
    "orientation" : 23
  }, {
    "shape" : "39f2498e-c37f-420f-b0cf-55d9b7a2ca03",
    "color" : "#007695",
    "position" : {
      "x" : -17.944271,
      "y" : 15.326238,
      "z" : 11.09017
    },
    "orientation" : 23
  }, {
    "shape" : "89c6a6ef-7a89-47e3-9fb2-946d9d9dfc68",
    "color" : "#007695",
    "position" : {
      "x" : -11.09017,
      "y" : 17.944271,
      "z" : 29.034441
    },
    "orientation" : 21
  }, {
    "shape" : "3d06e897-7ba1-4c07-9784-c26a7776bd14",
    "color" : "#0099CC",
    "position" : {
      "x" : -11.09017,
      "y" : -4.236068,
      "z" : -29.034441
    }
  }, {
    "shape" : "6215a7ac-f84a-4f4f-8efb-183982ae52ea",
    "color" : "#007695",
    "position" : {
      "x" : -8.472136,
      "y" : 13.708204,
      "z" : 0.0
    },
    "orientation" : 25
  }, {
    "shape" : "3d06e897-7ba1-4c07-9784-c26a7776bd14",
    "color" : "#0099CC",
    "position" : {
      "x" : 8.472136,
      "y" : 13.708204,
      "z" : 0.0
    }
  }, {
    "shape" : "39f2498e-c37f-420f-b0cf-55d9b7a2ca03",
    "color" : "#007695",
    "position" : {
      "x" : 6.854102,
      "y" : 11.09017,
      "z" : -17.944271
    },
    "orientation" : 21
  }, {
    "shape" : "39f2498e-c37f-420f-b0cf-55d9b7a2ca03",
    "color" : "#007695",
    "position" : {
      "x" : 17.944271,
      "y" : 6.854102,
      "z" : -24.798374
    },
    "orientation" : 53
  }, {
    "shape" : "39f2498e-c37f-420f-b0cf-55d9b7a2ca03",
    "color" : "#007695",
    "position" : {
      "x" : -17.944271,
      "y" : 6.854102,
      "z" : 11.09017
    },
    "orientation" : 1
  }, {
    "shape" : "39f2498e-c37f-420f-b0cf-55d9b7a2ca03",
    "color" : "#007695",
    "position" : {
      "x" : -9.472136,
      "y" : -6.854102,
      "z" : 11.09017
    },
    "orientation" : 37
  }, {
    "shape" : "3d06e897-7ba1-4c07-9784-c26a7776bd14",
    "color" : "#0099CC",
    "position" : {
      "x" : -11.09017,
      "y" : -9.472136,
      "z" : 6.854102
    }
  }, {
    "shape" : "3d06e897-7ba1-4c07-9784-c26a7776bd14",
    "color" : "#0099CC",
    "position" : {
      "x" : 11.09017,
      "y" : -17.944271,
      "z" : -15.326238
    }
  }, {
    "shape" : "c712f40f-8a48-4f7b-a91a-465af9a4da11",
    "color" : "#007695",
    "position" : {
      "x" : -24.798374,
      "y" : -4.236068,
      "z" : 6.854102
    },
    "orientation" : 56
  }, {
    "shape" : "c712f40f-8a48-4f7b-a91a-465af9a4da11",
    "color" : "#007695",
    "position" : {
      "x" : -17.944271,
      "y" : 6.854102,
      "z" : 11.09017
    },
    "orientation" : 16
  }, {
    "shape" : "c712f40f-8a48-4f7b-a91a-465af9a4da11",
    "color" : "#007695",
    "position" : {
      "x" : -6.854102,
      "y" : -24.798374,
      "z" : -4.236068
    },
    "orientation" : 53
  }, {
    "shape" : "c712f40f-8a48-4f7b-a91a-465af9a4da11",
    "color" : "#007695",
    "position" : {
      "x" : -6.854102,
      "y" : -24.798374,
      "z" : 4.236068
    },
    "orientation" : 41
  }, {
    "shape" : "3d06e897-7ba1-4c07-9784-c26a7776bd14",
    "color" : "#0099CC",
    "position" : {
      "x" : -4.236068,
      "y" : 15.326238,
      "z" : -11.09017
    }
  }, {
    "shape" : "c712f40f-8a48-4f7b-a91a-465af9a4da11",
    "color" : "#007695",
    "position" : {
      "x" : -29.034441,
      "y" : -11.09017,
      "z" : 17.944271
    },
    "orientation" : 47
  }, {
    "shape" : "89c6a6ef-7a89-47e3-9fb2-946d9d9dfc68",
    "color" : "#007695",
    "position" : {
      "x" : -29.034441,
      "y" : 11.09017,
      "z" : -17.944271
    },
    "orientation" : 16
  }, {
    "shape" : "6215a7ac-f84a-4f4f-8efb-183982ae52ea",
    "color" : "#007695",
    "position" : {
      "x" : -4.236068,
      "y" : 6.854102,
      "z" : 11.09017
    },
    "orientation" : 45
  }, {
    "shape" : "c712f40f-8a48-4f7b-a91a-465af9a4da11",
    "color" : "#007695",
    "position" : {
      "x" : 22.18034,
      "y" : 0.0,
      "z" : 13.708204
    },
    "orientation" : 9
  }, {
    "shape" : "39f2498e-c37f-420f-b0cf-55d9b7a2ca03",
    "color" : "#007695",
    "position" : {
      "x" : 0.0,
      "y" : 22.18034,
      "z" : 22.18034
    },
    "orientation" : 56
  }, {
    "shape" : "39f2498e-c37f-420f-b0cf-55d9b7a2ca03",
    "color" : "#007695",
    "position" : {
      "x" : 17.944271,
      "y" : -6.854102,
      "z" : -11.09017
    },
    "orientation" : 11
  }, {
    "shape" : "c712f40f-8a48-4f7b-a91a-465af9a4da11",
    "color" : "#007695",
    "position" : {
      "x" : 11.09017,
      "y" : -17.944271,
      "z" : -15.326238
    },
    "orientation" : 47
  }, {
    "shape" : "39f2498e-c37f-420f-b0cf-55d9b7a2ca03",
    "color" : "#007695",
    "position" : {
      "x" : -6.854102,
      "y" : -24.798374,
      "z" : 4.236068
    },
    "orientation" : 23
  }, {
    "shape" : "39f2498e-c37f-420f-b0cf-55d9b7a2ca03",
    "color" : "#007695",
    "position" : {
      "x" : -11.09017,
      "y" : -17.944271,
      "z" : 6.854102
    },
    "orientation" : 0
  }, {
    "shape" : "6215a7ac-f84a-4f4f-8efb-183982ae52ea",
    "color" : "#007695",
    "position" : {
      "x" : -2.618034,
      "y" : -17.944271,
      "z" : -6.854102
    },
    "orientation" : 55
  }, {
    "shape" : "39f2498e-c37f-420f-b0cf-55d9b7a2ca03",
    "color" : "#007695",
    "position" : {
      "x" : 4.236068,
      "y" : -6.854102,
      "z" : -24.798374
    },
    "orientation" : 51
  }, {
    "shape" : "3d06e897-7ba1-4c07-9784-c26a7776bd14",
    "color" : "#0099CC",
    "position" : {
      "x" : -4.236068,
      "y" : 6.854102,
      "z" : -11.09017
    }
  }, {
    "shape" : "3d06e897-7ba1-4c07-9784-c26a7776bd14",
    "color" : "#0099CC",
    "position" : {
      "x" : 13.708204,
      "y" : 0.0,
      "z" : 13.708204
    }
  }, {
    "shape" : "c712f40f-8a48-4f7b-a91a-465af9a4da11",
