{
  "polygons" : "true",
  "field" : "golden",
  "symmetry" : "icosahedral",
  "orientations" : [ [ 1.0, 0.0, 0.0, 0.0, 0.0, 1.0, 0.0, 0.0, 0.0, 0.0, 1.0, 0.0, 0.0, 0.0, 0.0, 1.0 ], [ 0.0, 0.0, 1.0, 0.0, 1.0, 0.0, 0.0, 0.0, 0.0, 1.0, 0.0, 0.0, 0.0, 0.0, 0.0, 1.0 ], [ 0.0, 1.0, 0.0, 0.0, 0.0, 0.0, 1.0, 0.0, 1.0, 0.0, 0.0, 0.0, 0.0, 0.0, 0.0, 1.0 ], [ 0.809017, 0.309017, 0.5, 0.0, 0.309017, 0.5, -0.809017, 0.0, -0.5, 0.809017, 0.309017, 0.0, 0.0, 0.0, 0.0, 1.0 ], [ -0.5, 0.809017, 0.309017, 0.0, 0.809017, 0.309017, 0.5, 0.0, 0.309017, 0.5, -0.809017, 0.0, 0.0, 0.0, 0.0, 1.0 ], [ 0.309017, 0.5, -0.809017, 0.0, -0.5, 0.809017, 0.309017, 0.0, 0.809017, 0.309017, 0.5, 0.0, 0.0, 0.0, 0.0, 1.0 ], [ 0.5, 0.809017, 0.309017, 0.0, 0.809017, -0.309017, -0.5, 0.0, -0.309017, 0.5, -0.809017, 0.0, 0.0, 0.0, 0.0, 1.0 ], [ -0.309017, 0.5, -0.809017, 0.0, 0.5, 0.809017, 0.309017, 0.0, 0.809017, -0.309017, -0.5, 0.0, 0.0, 0.0, 0.0, 1.0 ], [ 0.809017, -0.309017, -0.5, 0.0, -0.309017, 0.5, -0.809017, 0.0, 0.5, 0.809017, 0.309017, 0.0, 0.0, 0.0, 0.0, 1.0 ], [ 0.5, 0.809017, -0.309017, 0.0, 0.809017, -0.309017, 0.5, 0.0, 0.309017, -0.5, -0.809017, 0.0, 0.0, 0.0, 0.0, 1.0 ], [ 0.309017, -0.5, -0.809017, 0.0, 0.5, 0.809017, -0.309017, 0.0, 0.809017, -0.309017, 0.5, 0.0, 0.0, 0.0, 0.0, 1.0 ], [ 0.809017, -0.309017, 0.5, 0.0, 0.309017, -0.5, -0.809017, 0.0, 0.5, 0.809017, -0.309017, 0.0, 0.0, 0.0, 0.0, 1.0 ], [ 0.809017, 0.309017, -0.5, 0.0, 0.309017, 0.5, 0.809017, 0.0, 0.5, -0.809017, 0.309017, 0.0, 0.0, 0.0, 0.0, 1.0 ], [ 0.5, -0.809017, 0.309017, 0.0, 0.809017, 0.309017, -0.5, 0.0, 0.309017, 0.5, 0.809017, 0.0, 0.0, 0.0, 0.0, 1.0 ], [ 0.309017, 0.5, 0.809017, 0.0, 0.5, -0.809017, 0.309017, 0.0, 0.809017, 0.309017, -0.5, 0.0, 0.0, 0.0, 0.0, 1.0 ], [ 1.0, 0.0, 0.0, 0.0, 0.0, -1.0, 0.0, 0.0, 0.0, 0.0, -1.0, 0.0, 0.0, 0.0, 0.0, 1.0 ], [ 0.0, 0.0, 1.0, 0.0, -1.0, 0.0, 0.0, 0.0, 0.0, -1.0, 0.0, 0.0, 0.0, 0.0, 0.0, 1.0 ], [ 0.0, 1.0, 0.0, 0.0, 0.0, 0.0, -1.0, 0.0, -1.0, 0.0, 0.0, 0.0, 0.0, 0.0, 0.0, 1.0 ], [ 0.809017, 0.309017, 0.5, 0.0, -0.309017, -0.5, 0.809017, 0.0, 0.5, -0.809017, -0.309017, 0.0, 0.0, 0.0, 0.0, 1.0 ], [ -0.5, 0.809017, 0.309017, 0.0, -0.809017, -0.309017, -0.5, 0.0, -0.309017, -0.5, 0.809017, 0.0, 0.0, 0.0, 0.0, 1.0 ], [ 0.309017, 0.5, -0.809017, 0.0, 0.5, -0.809017, -0.309017, 0.0, -0.809017, -0.309017, -0.5, 0.0, 0.0, 0.0, 0.0, 1.0 ], [ 0.5, 0.809017, 0.309017, 0.0, -0.809017, 0.309017, 0.5, 0.0, 0.309017, -0.5, 0.809017, 0.0, 0.0, 0.0, 0.0, 1.0 ], [ -0.309017, 0.5, -0.809017, 0.0, -0.5, -0.809017, -0.309017, 0.0, -0.809017, 0.309017, 0.5, 0.0, 0.0, 0.0, 0.0, 1.0 ], [ 0.809017, -0.309017, -0.5, 0.0, 0.309017, -0.5, 0.809017, 0.0, -0.5, -0.809017, -0.309017, 0.0, 0.0, 0.0, 0.0, 1.0 ], [ 0.5, 0.809017, -0.309017, 0.0, -0.809017, 0.309017, -0.5, 0.0, -0.309017, 0.5, 0.809017, 0.0, 0.0, 0.0, 0.0, 1.0 ], [ 0.309017, -0.5, -0.809017, 0.0, -0.5, -0.809017, 0.309017, 0.0, -0.809017, 0.309017, -0.5, 0.0, 0.0, 0.0, 0.0, 1.0 ], [ 0.809017, -0.309017, 0.5, 0.0, -0.309017, 0.5, 0.809017, 0.0, -0.5, -0.809017, 0.309017, 0.0, 0.0, 0.0, 0.0, 1.0 ], [ 0.809017, 0.309017, -0.5, 0.0, -0.309017, -0.5, -0.809017, 0.0, -0.5, 0.809017, -0.309017, 0.0, 0.0, 0.0, 0.0, 1.0 ], [ 0.5, -0.809017, 0.309017, 0.0, -0.809017, -0.309017, 0.5, 0.0, -0.309017, -0.5, -0.809017, 0.0, 0.0, 0.0, 0.0, 1.0 ], [ 0.309017, 0.5, 0.809017, 0.0, -0.5, 0.809017, -0.309017, 0.0, -0.809017, -0.309017, 0.5, 0.0, 0.0, 0.0, 0.0, 1.0 ], [ -1.0, 0.0, 0.0, 0.0, 0.0, -1.0, 0.0, 0.0, 0.0, 0.0, 1.0, 0.0, 0.0, 0.0, 0.0, 1.0 ], [ 0.0, 0.0, -1.0, 0.0, -1.0, 0.0, 0.0, 0.0, 0.0, 1.0, 0.0, 0.0, 0.0, 0.0, 0.0, 1.0 ], [ 0.0, -1.0, 0.0, 0.0, 0.0, 0.0, -1.0, 0.0, 1.0, 0.0, 0.0, 0.0, 0.0, 0.0, 0.0, 1.0 ], [ -0.809017, -0.309017, -0.5, 0.0, -0.309017, -0.5, 0.809017, 0.0, -0.5, 0.809017, 0.309017, 0.0, 0.0, 0.0, 0.0, 1.0 ], [ 0.5, -0.809017, -0.309017, 0.0, -0.809017, -0.309017, -0.5, 0.0, 0.309017, 0.5, -0.809017, 0.0, 0.0, 0.0, 0.0, 1.0 ], [ -0.309017, -0.5, 0.809017, 0.0, 0.5, -0.809017, -0.309017, 0.0, 0.809017, 0.309017, 0.5, 0.0, 0.0, 0.0, 0.0, 1.0 ], [ -0.5, -0.809017, -0.309017, 0.0, -0.809017, 0.309017, 0.5, 0.0, -0.309017, 0.5, -0.809017, 0.0, 0.0, 0.0, 0.0, 1.0 ], [ 0.309017, -0.5, 0.809017, 0.0, -0.5, -0.809017, -0.309017, 0.0, 0.809017, -0.309017, -0.5, 0.0, 0.0, 0.0, 0.0, 1.0 ], [ -0.809017, 0.309017, 0.5, 0.0, 0.309017, -0.5, 0.809017, 0.0, 0.5, 0.809017, 0.309017, 0.0, 0.0, 0.0, 0.0, 1.0 ], [ -0.5, -0.809017, 0.309017, 0.0, -0.809017, 0.309017, -0.5, 0.0, 0.309017, -0.5, -0.809017, 0.0, 0.0, 0.0, 0.0, 1.0 ], [ -0.309017, 0.5, 0.809017, 0.0, -0.5, -0.809017, 0.309017, 0.0, 0.809017, -0.309017, 0.5, 0.0, 0.0, 0.0, 0.0, 1.0 ], [ -0.809017, 0.309017, -0.5, 0.0, -0.309017, 0.5, 0.809017, 0.0, 0.5, 0.809017, -0.309017, 0.0, 0.0, 0.0, 0.0, 1.0 ], [ -0.809017, -0.309017, 0.5, 0.0, -0.309017, -0.5, -0.809017, 0.0, 0.5, -0.809017, 0.309017, 0.0, 0.0, 0.0, 0.0, 1.0 ], [ -0.5, 0.809017, -0.309017, 0.0, -0.809017, -0.309017, 0.5, 0.0, 0.309017, 0.5, 0.809017, 0.0, 0.0, 0.0, 0.0, 1.0 ], [ -0.309017, -0.5, -0.809017, 0.0, -0.5, 0.809017, -0.309017, 0.0, 0.809017, 0.309017, -0.5, 0.0, 0.0, 0.0, 0.0, 1.0 ], [ -1.0, 0.0, 0.0, 0.0, 0.0, 1.0, 0.0, 0.0, 0.0, 0.0, -1.0, 0.0, 0.0, 0.0, 0.0, 1.0 ], [ 0.0, 0.0, -1.0, 0.0, 1.0, 0.0, 0.0, 0.0, 0.0, -1.0, 0.0, 0.0, 0.0, 0.0, 0.0, 1.0 ], [ 0.0, -1.0, 0.0, 0.0, 0.0, 0.0, 1.0, 0.0, -1.0, 0.0, 0.0, 0.0, 0.0, 0.0, 0.0, 1.0 ], [ -0.809017, -0.309017, -0.5, 0.0, 0.309017, 0.5, -0.809017, 0.0, 0.5, -0.809017, -0.309017, 0.0, 0.0, 0.0, 0.0, 1.0 ], [ 0.5, -0.809017, -0.309017, 0.0, 0.809017, 0.309017, 0.5, 0.0, -0.309017, -0.5, 0.809017, 0.0, 0.0, 0.0, 0.0, 1.0 ], [ -0.309017, -0.5, 0.809017, 0.0, -0.5, 0.809017, 0.309017, 0.0, -0.809017, -0.309017, -0.5, 0.0, 0.0, 0.0, 0.0, 1.0 ], [ -0.5, -0.809017, -0.309017, 0.0, 0.809017, -0.309017, -0.5, 0.0, 0.309017, -0.5, 0.809017, 0.0, 0.0, 0.0, 0.0, 1.0 ], [ 0.309017, -0.5, 0.809017, 0.0, 0.5, 0.809017, 0.309017, 0.0, -0.809017, 0.309017, 0.5, 0.0, 0.0, 0.0, 0.0, 1.0 ], [ -0.809017, 0.309017, 0.5, 0.0, -0.309017, 0.5, -0.809017, 0.0, -0.5, -0.809017, -0.309017, 0.0, 0.0, 0.0, 0.0, 1.0 ], [ -0.5, -0.809017, 0.309017, 0.0, 0.809017, -0.309017, 0.5, 0.0, -0.309017, 0.5, 0.809017, 0.0, 0.0, 0.0, 0.0, 1.0 ], [ -0.309017, 0.5, 0.809017, 0.0, 0.5, 0.809017, -0.309017, 0.0, -0.809017, 0.309017, -0.5, 0.0, 0.0, 0.0, 0.0, 1.0 ], [ -0.809017, 0.309017, -0.5, 0.0, 0.309017, -0.5, -0.809017, 0.0, -0.5, -0.809017, 0.309017, 0.0, 0.0, 0.0, 0.0, 1.0 ], [ -0.809017, -0.309017, 0.5, 0.0, 0.309017, 0.5, 0.809017, 0.0, -0.5, 0.809017, -0.309017, 0.0, 0.0, 0.0, 0.0, 1.0 ], [ -0.5, 0.809017, -0.309017, 0.0, 0.809017, 0.309017, -0.5, 0.0, -0.309017, -0.5, -0.809017, 0.0, 0.0, 0.0, 0.0, 1.0 ], [ -0.309017, -0.5, -0.809017, 0.0, 0.5, -0.809017, 0.309017, 0.0, -0.809017, -0.309017, 0.5, 0.0, 0.0, 0.0, 0.0, 1.0 ] ],
  "lights" : {
    "directionalLights" : [ {
      "direction" : [ 1.0, -1.0, -1.0 ],
      "color" : "#EBEBE4"
    }, {
      "direction" : [ -1.0, 0.0, 0.0 ],
      "color" : "#E4E4EB"
    }, {
      "direction" : [ 0.0, 0.0, -1.0 ],
      "color" : "#1E1E1E"
    } ],
    "ambientColor" : "#292929",
    "backgroundColor" : "#AFC8DC"
  },
  "camera" : {
    "perspective" : false,
    "fieldOfView" : 0.44262928,
    "lookAtPoint" : {
      "x" : 0.0,
      "y" : 0.0,
      "z" : 0.0
    },
    "upDirection" : {
      "x" : 0.4253254,
      "y" : -0.688191,
      "z" : -0.58778524
    },
    "stereo" : false,
    "width" : 55.167427,
    "position" : {
      "x" : 104.28483,
      "y" : 64.45157,
      "z" : 0.0
    },
    "viewDistance" : 122.59417,
    "lookAtPointRV" : {
      "x" : 0.0,
      "y" : 0.0,
      "z" : 0.0,
      "zero" : true
    },
    "lookDirectionRV" : {
      "x" : -0.8506508,
      "y" : -0.5257311,
      "z" : 0.0,
      "zero" : false
    },
    "upDirectionRV" : {
      "x" : 0.4253254,
      "y" : -0.688191,
      "z" : -0.58778524,
      "zero" : false
    },
    "lookDirection" : {
      "x" : -0.8506508,
      "y" : -0.5257311,
      "z" : 0.0
    },
    "nearClipDistance" : 0.30648556,
    "farClipDistance" : 245.18869
  },
  "embedding" : [ 1.0, 0.0, 0.0, 0.0, 0.0, 1.0, 0.0, 0.0, 0.0, 0.0, 1.0, 0.0, 0.0, 0.0, 0.0, 1.0 ],
  "shapes" : [ {
    "id" : "8a720536-94e7-45fa-8cd7-ef61b9b2fd5b",
    "orbit" : "blue",
    "orbitC" : "[[0,0,1],[0,0,1]]",
    "length" : "[1,1,1]",
    "name" : "b3",
    "vertices" : [ {
      "x" : 21.18034,
      "y" : 0.309017,
      "z" : 0.19098301
    }, {
      "x" : 21.18034,
      "y" : 0.309017,
      "z" : -0.19098301
    }, {
      "x" : 1.0,
      "y" : 0.309017,
      "z" : -0.19098301
    }, {
      "x" : 1.0,
      "y" : 0.309017,
      "z" : 0.19098301
    }, {
      "x" : 21.18034,
      "y" : -0.309017,
      "z" : 0.19098301
    }, {
      "x" : 1.0,
      "y" : -0.309017,
      "z" : 0.19098301
    }, {
      "x" : 1.0,
      "y" : -0.309017,
      "z" : -0.19098301
    }, {
      "x" : 21.18034,
      "y" : -0.309017,
      "z" : -0.19098301
    }, {
      "x" : 22.18034,
      "y" : 0.0,
      "z" : 0.0
    } ],
    "faces" : [ {
      "vertices" : [ 1, 7, 6, 2 ]
    }, {
      "vertices" : [ 0, 1, 2, 3 ]
    }, {
      "vertices" : [ 4, 5, 6, 7 ]
    }, {
      "vertices" : [ 0, 3, 5, 4 ]
    } ]
  }, {
    "id" : "46024e2f-41f5-43e6-8eb8-10c8f3660aa2",
    "orbit" : "blue",
    "orbitC" : "[[0,0,1],[0,0,1]]",
    "length" : "[0,1,1]",
    "name" : "b2",
    "vertices" : [ {
      "x" : 12.708204,
      "y" : 0.309017,
      "z" : 0.19098301
    }, {
      "x" : 12.708204,
      "y" : 0.309017,
      "z" : -0.19098301
    }, {
      "x" : 1.0,
      "y" : 0.309017,
      "z" : -0.19098301
    }, {
      "x" : 1.0,
      "y" : 0.309017,
      "z" : 0.19098301
    }, {
      "x" : 12.708204,
      "y" : -0.309017,
      "z" : 0.19098301
    }, {
      "x" : 1.0,
      "y" : -0.309017,
      "z" : 0.19098301
    }, {
      "x" : 1.0,
      "y" : -0.309017,
      "z" : -0.19098301
    }, {
      "x" : 12.708204,
      "y" : -0.309017,
      "z" : -0.19098301
    }, {
      "x" : 13.708204,
      "y" : 0.0,
      "z" : 0.0
    } ],
    "faces" : [ {
      "vertices" : [ 1, 7, 6, 2 ]
    }, {
      "vertices" : [ 0, 1, 2, 3 ]
    }, {
      "vertices" : [ 4, 5, 6, 7 ]
    }, {
      "vertices" : [ 0, 3, 5, 4 ]
    } ]
  }, {
    "id" : "5e568726-19e5-4840-ac80-e79e122b4907",
    "orbit" : "green",
    "orbitC" : "[[2,-1,1],[5,-3,1]]",
    "length" : "[1,1,1]",
    "name" : "g3",
    "vertices" : [ {
      "x" : 27.320917,
      "y" : 10.2446785,
      "z" : -4.104102
    }, {
      "x" : 28.343458,
      "y" : 10.281153,
      "z" : -4.236068
    }, {
      "x" : 27.320917,
      "y" : 10.2446785,
      "z" : -3.722136
    }, {
      "x" : 27.129932,
      "y" : 10.553696,
      "z" : -4.222136
    }, {
      "x" : 27.129932,
      "y" : 10.553696,
      "z" : -3.84017
    }, {
      "x" : 0.809017,
      "y" : 0.618034,
      "z" : 0.309017
    }, {
      "x" : 1.0,
      "y" : 0.309017,
      "z" : 0.19098301
    }, {
      "x" : 1.9045085,
      "y" : 0.5364745,
      "z" : -0.013932022
    }, {
      "x" : 28.034441,
      "y" : 10.781153,
      "z" : -4.427051
    }, {
      "x" : 28.225426,
      "y" : 10.472136,
      "z" : -4.545085
    }, {
      "x" : 28.225426,
      "y" : 10.472136,
      "z" : -3.927051
    }, {
      "x" : 28.034441,
      "y" : 10.781153,
      "z" : -4.045085
    }, {
      "x" : 1.7135255,
      "y" : 0.8454915,
      "z" : -0.13196601
    }, {
      "x" : 0.690983,
      "y" : 0.809017,
      "z" : 0.0
    }, {
      "x" : 1.9045085,
      "y" : 0.5364745,
      "z" : -0.39589804
    }, {
      "x" : 1.7135255,
      "y" : 0.8454915,
      "z" : -0.51393205
    }, {
      "x" : 0.809017,
      "y" : 0.618034,
      "z" : -0.309017
    }, {
      "x" : 1.0,
      "y" : 0.309017,
      "z" : -0.19098301
    }, {
      "x" : 29.034441,
      "y" : 11.09017,
      "z" : -4.236068
    } ],
    "faces" : [ {
      "vertices" : [ 0, 14, 15, 3 ]
    }, {
      "vertices" : [ 3, 15, 12, 4 ]
    }, {
      "vertices" : [ 0, 1, 2 ]
    }, {
      "vertices" : [ 12, 15, 13 ]
    }, {
      "vertices" : [ 0, 9, 1 ]
    }, {
      "vertices" : [ 0, 3, 9 ]
    }, {
      "vertices" : [ 13, 15, 16 ]
    }, {
      "vertices" : [ 6, 17, 14, 7 ]
    }, {
      "vertices" : [ 1, 10, 2 ]
    }, {
      "vertices" : [ 5, 6, 7 ]
    }, {
      "vertices" : [ 3, 8, 9 ]
    }, {
      "vertices" : [ 0, 2, 7, 14 ]
    }, {
      "vertices" : [ 5, 7, 12 ]
    }, {
      "vertices" : [ 2, 4, 12, 7 ]
    }, {
      "vertices" : [ 3, 4, 11, 8 ]
    }, {
      "vertices" : [ 2, 10, 11, 4 ]
    }, {
      "vertices" : [ 5, 12, 13 ]
    }, {
      "vertices" : [ 14, 17, 16, 15 ]
    } ]
  }, {
    "id" : "acf6bc2f-a97b-4b8a-b56c-28fb956fdb23",
    "name" : "ball",
    "vertices" : [ {
      "x" : 0.309017,
      "y" : -0.809017,
      "z" : 0.618034
    }, {
      "x" : 0.809017,
      "y" : -0.618034,
      "z" : 0.309017
    }, {
      "x" : 0.618034,
      "y" : -0.309017,
      "z" : 0.809017
    }, {
      "x" : 1.0,
      "y" : 0.309017,
      "z" : 0.19098301
    }, {
      "x" : 0.809017,
      "y" : 0.618034,
      "z" : 0.309017
    }, {
      "x" : 0.618034,
      "y" : 0.309017,
      "z" : 0.809017
    }, {
      "x" : 0.809017,
      "y" : 0.0,
      "z" : 0.690983
    }, {
      "x" : 0.19098301,
      "y" : -1.0,
      "z" : 0.309017
    }, {
      "x" : -0.19098301,
      "y" : -1.0,
      "z" : 0.309017
    }, {
      "x" : -0.19098301,
      "y" : -1.0,
      "z" : -0.309017
    }, {
      "x" : 0.19098301,
      "y" : -1.0,
      "z" : -0.309017
    }, {
      "x" : 1.0,
      "y" : -0.309017,
      "z" : -0.19098301
    }, {
      "x" : 0.809017,
      "y" : -0.618034,
      "z" : -0.309017
    }, {
      "x" : 0.618034,
      "y" : -0.309017,
      "z" : -0.809017
    }, {
      "x" : 0.809017,
      "y" : 0.0,
      "z" : -0.690983
    }, {
      "x" : 0.0,
      "y" : 0.690983,
      "z" : -0.809017
    }, {
      "x" : 0.309017,
      "y" : 0.809017,
      "z" : -0.618034
    }, {
      "x" : 0.618034,
      "y" : 0.309017,
      "z" : -0.809017
    }, {
      "x" : 0.309017,
      "y" : 0.19098301,
      "z" : -1.0
    }, {
      "x" : 1.0,
      "y" : 0.309017,
      "z" : -0.19098301
    }, {
      "x" : -0.309017,
      "y" : -0.809017,
      "z" : 0.618034
    }, {
      "x" : 0.0,
      "y" : -0.690983,
      "z" : 0.809017
    }, {
      "x" : 0.809017,
      "y" : 0.618034,
      "z" : -0.309017
    }, {
      "x" : 0.690983,
      "y" : 0.809017,
      "z" : 0.0
    }, {
      "x" : -0.690983,
      "y" : 0.809017,
      "z" : 0.0
    }, {
      "x" : -0.809017,
      "y" : 0.618034,
      "z" : 0.309017
    }, {
      "x" : -0.309017,
      "y" : 0.809017,
      "z" : 0.618034
    }, {
      "x" : -0.19098301,
      "y" : 1.0,
      "z" : 0.309017
    }, {
      "x" : 0.309017,
      "y" : -0.19098301,
      "z" : -1.0
    }, {
      "x" : 0.19098301,
      "y" : 1.0,
      "z" : 0.309017
    }, {
      "x" : 0.309017,
      "y" : 0.809017,
      "z" : 0.618034
    }, {
      "x" : -0.809017,
      "y" : -0.618034,
      "z" : 0.309017
    }, {
      "x" : -0.690983,
      "y" : -0.809017,
      "z" : 0.0
    }, {
      "x" : 0.0,
      "y" : 0.690983,
      "z" : 0.809017
    }, {
      "x" : 0.309017,
      "y" : -0.809017,
      "z" : -0.618034
    }, {
      "x" : 0.0,
      "y" : -0.690983,
      "z" : -0.809017
    }, {
      "x" : -1.0,
      "y" : 0.309017,
      "z" : 0.19098301
    }, {
      "x" : -0.809017,
      "y" : 0.0,
      "z" : 0.690983
    }, {
      "x" : -0.618034,
      "y" : 0.309017,
      "z" : 0.809017
    }, {
      "x" : 1.0,
      "y" : -0.309017,
      "z" : 0.19098301
    }, {
      "x" : -0.309017,
      "y" : -0.809017,
      "z" : -0.618034
    }, {
      "x" : -1.0,
      "y" : 0.309017,
      "z" : -0.19098301
    }, {
      "x" : -1.0,
      "y" : -0.309017,
      "z" : -0.19098301
    }, {
      "x" : -1.0,
      "y" : -0.309017,
      "z" : 0.19098301
    }, {
      "x" : 0.19098301,
      "y" : 1.0,
      "z" : -0.309017
    }, {
      "x" : -0.809017,
      "y" : 0.618034,
      "z" : -0.309017
    }, {
      "x" : -0.19098301,
      "y" : 1.0,
      "z" : -0.309017
    }, {
      "x" : -0.309017,
      "y" : 0.809017,
      "z" : -0.618034
    }, {
      "x" : -0.618034,
      "y" : -0.309017,
      "z" : 0.809017
    }, {
      "x" : 0.309017,
      "y" : 0.19098301,
      "z" : 1.0
    }, {
      "x" : -0.309017,
      "y" : 0.19098301,
      "z" : -1.0
    }, {
      "x" : -0.309017,
      "y" : 0.19098301,
      "z" : 1.0
    }, {
      "x" : -0.309017,
      "y" : -0.19098301,
      "z" : 1.0
    }, {
      "x" : 0.309017,
      "y" : -0.19098301,
      "z" : 1.0
    }, {
      "x" : 0.690983,
      "y" : -0.809017,
      "z" : 0.0
    }, {
      "x" : -0.809017,
      "y" : 0.0,
      "z" : -0.690983
    }, {
      "x" : -0.618034,
      "y" : -0.309017,
      "z" : -0.809017
    }, {
      "x" : -0.309017,
      "y" : -0.19098301,
      "z" : -1.0
    }, {
      "x" : -0.618034,
      "y" : 0.309017,
      "z" : -0.809017
    }, {
      "x" : -0.809017,
      "y" : -0.618034,
      "z" : -0.309017
    } ],
    "faces" : [ {
      "vertices" : [ 9, 40, 35, 34, 10 ]
    }, {
      "vertices" : [ 0, 1, 2 ]
    }, {
      "vertices" : [ 33, 51, 49 ]
    }, {
      "vertices" : [ 25, 36, 37, 38 ]
    }, {
      "vertices" : [ 41, 55, 42 ]
    }, {
      "vertices" : [ 9, 32, 59, 40 ]
    }, {
      "vertices" : [ 20, 21, 52, 48 ]
    }, {
      "vertices" : [ 26, 33, 30, 29, 27 ]
    }, {
      "vertices" : [ 3, 4, 5, 6 ]
    }, {
      "vertices" : [ 27, 29, 44, 46 ]
    }, {
      "vertices" : [ 50, 57, 56, 55, 58 ]
    }, {
      "vertices" : [ 26, 38, 51, 33 ]
    }, {
      "vertices" : [ 45, 47, 58 ]
    }, {
      "vertices" : [ 18, 28, 57, 50 ]
    }, {
      "vertices" : [ 40, 59, 56 ]
    }, {
      "vertices" : [ 31, 48, 37, 43 ]
    }, {
      "vertices" : [ 7, 8, 9, 10 ]
    }, {
      "vertices" : [ 36, 41, 42, 43 ]
    }, {
      "vertices" : [ 24, 46, 47, 45 ]
    }, {
      "vertices" : [ 4, 30, 5 ]
    }, {
      "vertices" : [ 15, 47, 46, 44, 16 ]
    }, {
      "vertices" : [ 15, 50, 58, 47 ]
    }, {
      "vertices" : [ 24, 45, 41, 36, 25 ]
    }, {
      "vertices" : [ 11, 14, 19 ]
    }, {
      "vertices" : [ 3, 6, 39 ]
    }, {
      "vertices" : [ 1, 39, 6, 2 ]
    }, {
      "vertices" : [ 8, 32, 9 ]
    }, {
      "vertices" : [ 11, 12, 13, 14 ]
    }, {
      "vertices" : [ 16, 22, 17 ]
    }, {
      "vertices" : [ 0, 21, 20, 8, 7 ]
    }, {
      "vertices" : [ 12, 34, 13 ]
    }, {
      "vertices" : [ 35, 40, 56, 57 ]
    }, {
      "vertices" : [ 0, 7, 54, 1 ]
    }, {
      "vertices" : [ 15, 16, 17, 18 ]
    }, {
      "vertices" : [ 3, 19, 22, 23, 4 ]
    }, {
      "vertices" : [ 7, 10, 54 ]
    }, {
      "vertices" : [ 41, 45, 58, 55 ]
    }, {
      "vertices" : [ 3, 39, 11, 19 ]
    }, {
      "vertices" : [ 14, 17, 22, 19 ]
    }, {
      "vertices" : [ 0, 2, 53, 21 ]
    }, {
      "vertices" : [ 49, 51, 52, 53 ]
    }, {
      "vertices" : [ 31, 43, 42, 59, 32 ]
    }, {
      "vertices" : [ 15, 18, 50 ]
    }, {
      "vertices" : [ 42, 55, 56, 59 ]
    }, {
      "vertices" : [ 4, 23, 29, 30 ]
    }, {
      "vertices" : [ 25, 38, 26 ]
    }, {
      "vertices" : [ 13, 28, 18, 17, 14 ]
    }, {
      "vertices" : [ 8, 20, 31, 32 ]
    }, {
      "vertices" : [ 23, 44, 29 ]
    }, {
      "vertices" : [ 24, 27, 46 ]
    }, {
      "vertices" : [ 37, 48, 52, 51, 38 ]
    }, {
      "vertices" : [ 20, 48, 31 ]
    }, {
      "vertices" : [ 24, 25, 26, 27 ]
    }, {
      "vertices" : [ 16, 44, 23, 22 ]
    }, {
      "vertices" : [ 13, 34, 35, 28 ]
    }, {
      "vertices" : [ 10, 34, 12, 54 ]
    }, {
      "vertices" : [ 2, 6, 5, 49, 53 ]
    }, {
      "vertices" : [ 36, 43, 37 ]
    }, {
      "vertices" : [ 5, 30, 33, 49 ]
    }, {
      "vertices" : [ 1, 54, 12, 11, 39 ]
    }, {
      "vertices" : [ 28, 35, 57 ]
    }, {
      "vertices" : [ 21, 53, 52 ]
    } ]
  }, {
    "id" : "a755f725-0541-44c6-b9fd-c0089562b859",
    "orbit" : "blue",
    "orbitC" : "[[0,0,1],[0,0,1]]",
    "length" : "[1,2,1]",
    "name" : " :1 +2*phi",
    "vertices" : [ {
      "x" : 34.888542,
      "y" : 0.309017,
      "z" : 0.19098301
    }, {
      "x" : 34.888542,
      "y" : 0.309017,
      "z" : -0.19098301
    }, {
      "x" : 1.0,
      "y" : 0.309017,
      "z" : -0.19098301
    }, {
      "x" : 1.0,
      "y" : 0.309017,
      "z" : 0.19098301
    }, {
      "x" : 34.888542,
      "y" : -0.309017,
      "z" : 0.19098301
    }, {
      "x" : 1.0,
      "y" : -0.309017,
      "z" : 0.19098301
    }, {
      "x" : 1.0,
      "y" : -0.309017,
      "z" : -0.19098301
    }, {
      "x" : 34.888542,
      "y" : -0.309017,
      "z" : -0.19098301
    }, {
      "x" : 35.888542,
      "y" : 0.0,
      "z" : 0.0
    } ],
    "faces" : [ {
      "vertices" : [ 1, 7, 6, 2 ]
    }, {
      "vertices" : [ 0, 1, 2, 3 ]
    }, {
      "vertices" : [ 4, 5, 6, 7 ]
    }, {
      "vertices" : [ 0, 3, 5, 4 ]
    } ]
  } ],
  "instances" : [ {
    "shape" : "8a720536-94e7-45fa-8cd7-ef61b9b2fd5b",
    "color" : "#008EC2",
    "position" : {
      "x" : -6.854102,
      "y" : 17.944271,
      "z" : 0.0
    },
    "orientation" : 26
  }, {
    "shape" : "46024e2f-41f5-43e6-8eb8-10c8f3660aa2",
    "color" : "#008EC2",
    "position" : {
      "x" : -11.09017,
      "y" : -11.09017,
      "z" : -11.09017
    },
    "orientation" : 23
  }, {
    "shape" : "8a720536-94e7-45fa-8cd7-ef61b9b2fd5b",
    "color" : "#008EC2",
    "position" : {
      "x" : 0.0,
      "y" : 6.854102,
      "z" : 17.944271
    },
    "orientation" : 24
  }, {
    "shape" : "5e568726-19e5-4840-ac80-e79e122b4907",
    "color" : "#00993F",
    "position" : {
      "x" : -6.854102,
      "y" : 17.944271,
      "z" : 0.0
    },
    "orientation" : 24
  }, {
    "shape" : "5e568726-19e5-4840-ac80-e79e122b4907",
    "color" : "#00993F",
    "position" : {
      "x" : -17.944271,
      "y" : 0.0,
      "z" : 6.854102
    },
    "orientation" : 12
  }, {
    "shape" : "5e568726-19e5-4840-ac80-e79e122b4907",
    "color" : "#00993F",
    "position" : {
      "x" : -6.854102,
      "y" : -17.944271,
      "z" : 0.0
    },
    "orientation" : 1
  }, {
    "shape" : "acf6bc2f-a97b-4b8a-b56c-28fb956fdb23",
    "color" : "#F2F2F2",
    "position" : {
      "x" : 0.0,
      "y" : -6.854102,
      "z" : -17.944271
    }
  }, {
    "shape" : "46024e2f-41f5-43e6-8eb8-10c8f3660aa2",
    "color" : "#008EC2",
    "position" : {
      "x" : 6.854102,
      "y" : -17.944271,
      "z" : 0.0
    },
    "orientation" : 52
  }, {
    "shape" : "8a720536-94e7-45fa-8cd7-ef61b9b2fd5b",
    "color" : "#008EC2",
    "position" : {
      "x" : 0.0,
      "y" : -6.854102,
      "z" : -17.944271
    },
    "orientation" : 9
  }, {
    "shape" : "5e568726-19e5-4840-ac80-e79e122b4907",
    "color" : "#00993F",
    "position" : {
      "x" : -17.944271,
      "y" : 0.0,
      "z" : -6.854102
    },
    "orientation" : 5
  }, {
    "shape" : "8a720536-94e7-45fa-8cd7-ef61b9b2fd5b",
    "color" : "#008EC2",
    "position" : {
      "x" : 17.944271,
      "y" : 0.0,
      "z" : 6.854102
    },
    "orientation" : 38
  }, {
    "shape" : "5e568726-19e5-4840-ac80-e79e122b4907",
    "color" : "#00993F",
    "position" : {
      "x" : 11.09017,
      "y" : 11.09017,
      "z" : -11.09017
    },
    "orientation" : 43
  }, {
    "shape" : "46024e2f-41f5-43e6-8eb8-10c8f3660aa2",
    "color" : "#008EC2",
    "position" : {
      "x" : 17.944271,
      "y" : 0.0,
      "z" : -6.854102
    },
    "orientation" : 54
  }, {
    "shape" : "46024e2f-41f5-43e6-8eb8-10c8f3660aa2",
    "color" : "#008EC2",
    "position" : {
      "x" : 0.0,
      "y" : 6.854102,
      "z" : -17.944271
    },
    "orientation" : 11
  }, {
    "shape" : "8a720536-94e7-45fa-8cd7-ef61b9b2fd5b",
    "color" : "#008EC2",
    "position" : {
      "x" : 11.09017,
      "y" : 11.09017,
      "z" : -11.09017
    },
    "orientation" : 2
  }, {
    "shape" : "5e568726-19e5-4840-ac80-e79e122b4907",
    "color" : "#00993F",
    "position" : {
      "x" : 17.944271,
      "y" : 0.0,
      "z" : -6.854102
    },
    "orientation" : 41
  }, {
    "shape" : "5e568726-19e5-4840-ac80-e79e122b4907",
    "color" : "#00993F",
    "position" : {
      "x" : 11.09017,
      "y" : 11.09017,
      "z" : -11.09017
    },
    "orientation" : 42
  }, {
    "shape" : "46024e2f-41f5-43e6-8eb8-10c8f3660aa2",
    "color" : "#008EC2",
    "position" : {
      "x" : -6.854102,
      "y" : 17.944271,
      "z" : 0.0
    },
    "orientation" : 40
  }, {
    "shape" : "8a720536-94e7-45fa-8cd7-ef61b9b2fd5b",
    "color" : "#008EC2",
    "position" : {
      "x" : 11.09017,
      "y" : 11.09017,
      "z" : 11.09017
    },
    "orientation" : 39
  }, {
    "shape" : "5e568726-19e5-4840-ac80-e79e122b4907",
    "color" : "#00993F",
    "position" : {
      "x" : 0.0,
      "y" : -6.854102,
      "z" : -17.944271
    },
    "orientation" : 44
  }, {
    "shape" : "46024e2f-41f5-43e6-8eb8-10c8f3660aa2",
    "color" : "#008EC2",
    "position" : {
      "x" : -17.944271,
      "y" : 0.0,
      "z" : 6.854102
    },
    "orientation" : 47
  }, {
    "shape" : "5e568726-19e5-4840-ac80-e79e122b4907",
    "color" : "#00993F",
    "position" : {
      "x" : -11.09017,
      "y" : -11.09017,
      "z" : -11.09017
    },
    "orientation" : 6
  }, {
    "shape" : "46024e2f-41f5-43e6-8eb8-10c8f3660aa2",
    "color" : "#008EC2",
    "position" : {
      "x" : 11.09017,
      "y" : -11.09017,
      "z" : 11.09017
    },
    "orientation" : 6
  }, {
    "shape" : "a755f725-0541-44c6-b9fd-c0089562b859",
    "color" : "#008EC2",
    "position" : {
      "x" : 0.0,
      "y" : -6.854102,
      "z" : 17.944271
    },
    "orientation" : 52
  }, {
    "shape" : "8a720536-94e7-45fa-8cd7-ef61b9b2fd5b",
    "color" : "#008EC2",
    "position" : {
      "x" : 0.0,
      "y" : -6.854102,
      "z" : 17.944271
    },
    "orientation" : 23
  }, {
    "shape" : "acf6bc2f-a97b-4b8a-b56c-28fb956fdb23",
    "color" : "#F2F2F2",
    "position" : {
      "x" : -6.854102,
      "y" : -17.944271,
      "z" : 0.0
    }
  }, {
    "shape" : "5e568726-19e5-4840-ac80-e79e122b4907",
    "color" : "#00993F",
    "position" : {
      "x" : 17.944271,
      "y" : 0.0,
      "z" : -6.854102
    },
    "orientation" : 39
  }, {
    "shape" : "8a720536-94e7-45fa-8cd7-ef61b9b2fd5b",
    "color" : "#008EC2",
    "position" : {
      "x" : 0.0,
      "y" : 6.854102,
      "z" : -17.944271
    },
    "orientation" : 7
  }, {
    "shape" : "5e568726-19e5-4840-ac80-e79e122b4907",
    "color" : "#00993F",
    "position" : {
      "x" : -6.854102,
      "y" : -17.944271,
      "z" : 0.0
    },
    "orientation" : 58
  }, {
    "shape" : "8a720536-94e7-45fa-8cd7-ef61b9b2fd5b",
    "color" : "#008EC2",
    "position" : {
      "x" : 17.944271,
      "y" : 0.0,
      "z" : -6.854102
    },
    "orientation" : 40
  }, {
    "shape" : "a755f725-0541-44c6-b9fd-c0089562b859",
    "color" : "#008EC2",
    "position" : {
      "x" : -17.944271,
      "y" : 0.0,
      "z" : 6.854102
    },
    "orientation" : 23
  }, {
    "shape" : "8a720536-94e7-45fa-8cd7-ef61b9b2fd5b",
    "color" : "#008EC2",
    "position" : {
      "x" : 17.944271,
      "y" : 0.0,
      "z" : 6.854102
    },
    "orientation" : 55
  }, {
    "shape" : "46024e2f-41f5-43e6-8eb8-10c8f3660aa2",
    "color" : "#008EC2",
    "position" : {
      "x" : 17.944271,
      "y" : 0.0,
      "z" : 6.854102
    },
    "orientation" : 51
  }, {
    "shape" : "46024e2f-41f5-43e6-8eb8-10c8f3660aa2",
    "color" : "#008EC2",
    "position" : {
      "x" : 0.0,
      "y" : 6.854102,
      "z" : -17.944271
    },
    "orientation" : 38
  }, {
    "shape" : "a755f725-0541-44c6-b9fd-c0089562b859",
    "color" : "#008EC2",
    "position" : {
      "x" : 11.09017,
      "y" : 11.09017,
      "z" : 11.09017
    },
    "orientation" : 22
  }, {
    "shape" : "a755f725-0541-44c6-b9fd-c0089562b859",
    "color" : "#008EC2",
    "position" : {
      "x" : 17.944271,
      "y" : 0.0,
      "z" : 6.854102
    },
    "orientation" : 56
  }, {
    "shape" : "5e568726-19e5-4840-ac80-e79e122b4907",
    "color" : "#00993F",
    "position" : {
      "x" : 6.854102,
      "y" : -17.944271,
      "z" : 0.0
    },
    "orientation" : 48
  }, {
    "shape" : "8a720536-94e7-45fa-8cd7-ef61b9b2fd5b",
    "color" : "#008EC2",
    "position" : {
      "x" : 6.854102,
      "y" : -17.944271,
      "z" : 0.0
    },
    "orientation" : 56
  }, {
    "shape" : "8a720536-94e7-45fa-8cd7-ef61b9b2fd5b",
    "color" : "#008EC2",
    "position" : {
      "x" : 17.944271,
      "y" : 0.0,
      "z" : -6.854102
    },
    "orientation" : 51
  }, {
    "shape" : "a755f725-0541-44c6-b9fd-c0089562b859",
    "color" : "#008EC2",
    "position" : {
      "x" : 6.854102,
      "y" : -17.944271,
      "z" : 0.0
    },
    "orientation" : 54
  }, {
    "shape" : "46024e2f-41f5-43e6-8eb8-10c8f3660aa2",
    "color" : "#008EC2",
    "position" : {
      "x" : 0.0,
      "y" : -6.854102,
      "z" : -17.944271
    },
    "orientation" : 1
  }, {
    "shape" : "a755f725-0541-44c6-b9fd-c0089562b859",
    "color" : "#008EC2",
    "position" : {
      "x" : 17.944271,
      "y" : 0.0,
      "z" : 6.854102
    },
    "orientation" : 53
  }, {
    "shape" : "5e568726-19e5-4840-ac80-e79e122b4907",
    "color" : "#00993F",
    "position" : {
      "x" : 17.944271,
      "y" : 0.0,
      "z" : 6.854102
    },
    "orientation" : 45
  }, {
    "shape" : "8a720536-94e7-45fa-8cd7-ef61b9b2fd5b",
    "color" : "#008EC2",
    "position" : {
      "x" : -17.944271,
      "y" : 0.0,
      "z" : -6.854102
    },
    "orientation" : 23
  }, {
    "shape" : "46024e2f-41f5-43e6-8eb8-10c8f3660aa2",
    "color" : "#008EC2",
    "position" : {
      "x" : -17.944271,
      "y" : 0.0,
      "z" : -6.854102
    },
    "orientation" : 6
  }, {
    "shape" : "8a720536-94e7-45fa-8cd7-ef61b9b2fd5b",
    "color" : "#008EC2",
    "position" : {
      "x" : 6.854102,
      "y" : 17.944271,
      "z" : 0.0
    },
    "orientation" : 41
  }, {
    "shape" : "5e568726-19e5-4840-ac80-e79e122b4907",
    "color" : "#00993F",
    "position" : {
      "x" : -11.09017,
      "y" : -11.09017,
      "z" : 11.09017
    },
    "orientation" : 46
  }, {
    "shape" : "a755f725-0541-44c6-b9fd-c0089562b859",
    "color" : "#008EC2",
    "position" : {
      "x" : 6.854102,
      "y" : -17.944271,
      "z" : 0.0
    },
    "orientation" : 51
  }, {
    "shape" : "acf6bc2f-a97b-4b8a-b56c-28fb956fdb23",
    "color" : "#F2F2F2",
    "position" : {
      "x" : 0.0,
      "y" : 6.854102,
      "z" : -17.944271
    }
  }, {
    "shape" : "8a720536-94e7-45fa-8cd7-ef61b9b2fd5b",
    "color" : "#008EC2",
    "position" : {
      "x" : -6.854102,
      "y" : -17.944271,
      "z" : 0.0
    },
    "orientation" : 11
  }, {
    "shape" : "46024e2f-41f5-43e6-8eb8-10c8f3660aa2",
    "color" : "#008EC2",
    "position" : {
      "x" : 0.0,
      "y" : 6.854102,
      "z" : 17.944271
    },
    "orientation" : 16
  }, {
    "shape" : "5e568726-19e5-4840-ac80-e79e122b4907",
    "color" : "#00993F",
    "position" : {
      "x" : 0.0,
      "y" : 6.854102,
      "z" : 17.944271
    },
    "orientation" : 59
  }, {
    "shape" : "8a720536-94e7-45fa-8cd7-ef61b9b2fd5b",
    "color" : "#008EC2",
    "position" : {
      "x" : 11.09017,
      "y" : -11.09017,
      "z" : 11.09017
    },
    "orientation" : 47
  }, {
    "shape" : "8a720536-94e7-45fa-8cd7-ef61b9b2fd5b",
    "color" : "#008EC2",
    "position" : {
      "x" : 11.09017,
      "y" : -11.09017,
      "z" : -11.09017
    },
    "orientation" : 54
  }, {
    "shape" : "5e568726-19e5-4840-ac80-e79e122b4907",
    "color" : "#00993F",
    "position" : {
      "x" : 0.0,
      "y" : -6.854102,
      "z" : 17.944271
    },
    "orientation" : 55
  }, {
    "shape" : "5e568726-19e5-4840-ac80-e79e122b4907",
    "color" : "#00993F",
    "position" : {
      "x" : 6.854102,
      "y" : 17.944271,
      "z" : 0.0
    },
    "orientation" : 31
  }, {
    "shape" : "a755f725-0541-44c6-b9fd-c0089562b859",
    "color" : "#008EC2",
    "position" : {
      "x" : -11.09017,
      "y" : -11.09017,
      "z" : 11.09017
    },
    "orientation" : 52
  }, {
    "shape" : "5e568726-19e5-4840-ac80-e79e122b4907",
    "color" : "#00993F",
    "position" : {
      "x" : -17.944271,
      "y" : 0.0,
      "z" : -6.854102
    },
    "orientation" : 9
  }, {
    "shape" : "5e568726-19e5-4840-ac80-e79e122b4907",
    "color" : "#00993F",
    "position" : {
      "x" : -11.09017,
      "y" : -11.09017,
      "z" : -11.09017
    },
    "orientation" : 7
  }, {
    "shape" : "46024e2f-41f5-43e6-8eb8-10c8f3660aa2",
    "color" : "#008EC2",
    "position" : {
      "x" : 0.0,
      "y" : -6.854102,
      "z" : -17.944271
    },
    "orientation" : 8
  }, {
    "shape" : "5e568726-19e5-4840-ac80-e79e122b4907",
    "color" : "#00993F",
    "position" : {
      "x" : -11.09017,
      "y" : 11.09017,
      "z" : 11.09017
    },
    "orientation" : 21
  }, {
    "shape" : "5e568726-19e5-4840-ac80-e79e122b4907",
    "color" : "#00993F",
    "position" : {
      "x" : 17.944271,
      "y" : 0.0,
      "z" : -6.854102
    },
    "orientation" : 30
  }, {
    "shape" : "46024e2f-41f5-43e6-8eb8-10c8f3660aa2",
    "color" : "#008EC2",
    "position" : {
      "x" : 17.944271,
      "y" : 0.0,
      "z" : -6.854102
    },
    "orientation" : 36
  }, {
    "shape" : "8a720536-94e7-45fa-8cd7-ef61b9b2fd5b",
    "color" : "#008EC2",
    "position" : {
      "x" : 17.944271,
      "y" : 0.0,
      "z" : -6.854102
    },
    "orientation" : 53
  }, {
    "shape" : "8a720536-94e7-45fa-8cd7-ef61b9b2fd5b",
    "color" : "#008EC2",
    "position" : {
      "x" : 11.09017,
      "y" : 11.09017,
      "z" : -11.09017
    },
    "orientation" : 16
  }, {
    "shape" : "8a720536-94e7-45fa-8cd7-ef61b9b2fd5b",
    "color" : "#008EC2",
    "position" : {
      "x" : -11.09017,
      "y" : -11.09017,
      "z" : 11.09017
    },
    "orientation" : 55
  }, {
    "shape" : "46024e2f-41f5-43e6-8eb8-10c8f3660aa2",
    "color" : "#008EC2",
    "position" : {
      "x" : 11.09017,
      "y" : 11.09017,
      "z" : -11.09017
    },
    "orientation" : 7
  }, {
    "shape" : "46024e2f-41f5-43e6-8eb8-10c8f3660aa2",
    "color" : "#008EC2",
    "position" : {
      "x" : -11.09017,
      "y" : 11.09017,
      "z" : 11.09017
    },
    "orientation" : 8
  }, {
    "shape" : "8a720536-94e7-45fa-8cd7-ef61b9b2fd5b",
    "color" : "#008EC2",
    "position" : {
      "x" : 11.09017,
      "y" : -11.09017,
      "z" : 11.09017
    },
    "orientation" : 1
  }, {
    "shape" : "8a720536-94e7-45fa-8cd7-ef61b9b2fd5b",
    "color" : "#008EC2",
    "position" : {
      "x" : 6.854102,
      "y" : 17.944271,
      "z" : 0.0
    },
    "orientation" : 22
  }, {
    "shape" : "a755f725-0541-44c6-b9fd-c0089562b859",
    "color" : "#008EC2",
    "position" : {
      "x" : 0.0,
      "y" : 6.854102,
      "z" : 17.944271
    },
    "orientation" : 22
  }, {
    "shape" : "5e568726-19e5-4840-ac80-e79e122b4907",
    "color" : "#00993F",
    "position" : {
      "x" : 0.0,
      "y" : -6.854102,
      "z" : 17.944271
    },
    "orientation" : 49
  }, {
    "shape" : "46024e2f-41f5-43e6-8eb8-10c8f3660aa2",
    "color" : "#008EC2",
    "position" : {
      "x" : 6.854102,
      "y" : 17.944271,
      "z" : 0.0
    },
    "orientation" : 45
  }, {
    "shape" : "acf6bc2f-a97b-4b8a-b56c-28fb956fdb23",
    "color" : "#F2F2F2",
    "position" : {
      "x" : -11.09017,
      "y" : 11.09017,
      "z" : -11.09017
    }
  }, {
    "shape" : "5e568726-19e5-4840-ac80-e79e122b4907",
    "color" : "#00993F",
    "position" : {
      "x" : 6.854102,
      "y" : -17.944271,
      "z" : 0.0
    },
    "orientation" : 54
  }, {
    "shape" : "46024e2f-41f5-43e6-8eb8-10c8f3660aa2",
    "color" : "#008EC2",
    "position" : {
      "x" : -6.854102,
      "y" : -17.944271,
      "z" : 0.0
    },
    "orientation" : 55
  }, {
    "shape" : "acf6bc2f-a97b-4b8a-b56c-28fb956fdb23",
    "color" : "#F2F2F2",
    "position" : {
      "x" : 0.0,
      "y" : -6.854102,
      "z" : 17.944271
    }
  }, {
    "shape" : "a755f725-0541-44c6-b9fd-c0089562b859",
    "color" : "#008EC2",
    "position" : {
      "x" : 11.09017,
      "y" : 11.09017,
      "z" : 11.09017
    },
    "orientation" : 36
  }, {
    "shape" : "5e568726-19e5-4840-ac80-e79e122b4907",
    "color" : "#00993F",
    "position" : {
      "x" : -11.09017,
      "y" : 11.09017,
      "z" : 11.09017
    },
    "orientation" : 23
  }, {
    "shape" : "8a720536-94e7-45fa-8cd7-ef61b9b2fd5b",
    "color" : "#008EC2",
    "position" : {
      "x" : -11.09017,
      "y" : 11.09017,
      "z" : -11.09017
    },
    "orientation" : 24
  }, {
    "shape" : "a755f725-0541-44c6-b9fd-c0089562b859",
    "color" : "#008EC2",
    "position" : {
      "x" : 17.944271,
      "y" : 0.0,
      "z" : -6.854102
    },
    "orientation" : 38
  }, {
    "shape" : "46024e2f-41f5-43e6-8eb8-10c8f3660aa2",
    "color" : "#008EC2",
    "position" : {
      "x" : 11.09017,
      "y" : -11.09017,
      "z" : 11.09017
    },
    "orientation" : 22
  }, {
    "shape" : "acf6bc2f-a97b-4b8a-b56c-28fb956fdb23",
    "color" : "#F2F2F2",
    "position" : {
      "x" : 11.09017,
      "y" : -11.09017,
      "z" : -11.09017
    }
  }, {
    "shape" : "5e568726-19e5-4840-ac80-e79e122b4907",
    "color" : "#00993F",
    "position" : {
      "x" : 6.854102,
      "y" : 17.944271,
      "z" : 0.0
    },
    "orientation" : 28
  }, {
    "shape" : "8a720536-94e7-45fa-8cd7-ef61b9b2fd5b",
    "color" : "#008EC2",
    "position" : {
      "x" : 0.0,
      "y" : 6.854102,
      "z" : -17.944271
    },
    "orientation" : 8
  }, {
    "shape" : "acf6bc2f-a97b-4b8a-b56c-28fb956fdb23",
    "color" : "#F2F2F2",
    "position" : {
      "x" : 11.09017,
      "y" : 11.09017,
      "z" : -11.09017
    }
  }, {
    "shape" : "5e568726-19e5-4840-ac80-e79e122b4907",
    "color" : "#00993F",
    "position" : {
      "x" : 0.0,
      "y" : -6.854102,
      "z" : -17.944271
    },
    "orientation" : 2
  }, {
    "shape" : "5e568726-19e5-4840-ac80-e79e122b4907",
    "color" : "#00993F",
    "position" : {
      "x" : -11.09017,
      "y" : -11.09017,
      "z" : 11.09017
    },
    "orientation" : 52
  }, {
    "shape" : "8a720536-94e7-45fa-8cd7-ef61b9b2fd5b",
    "color" : "#008EC2",
    "position" : {
      "x" : 0.0,
      "y" : -6.854102,
      "z" : 17.944271
    },
    "orientation" : 22
  }, {
    "shape" : "acf6bc2f-a97b-4b8a-b56c-28fb956fdb23",
    "color" : "#F2F2F2",
    "position" : {
      "x" : -17.944271,
      "y" : 0.0,
      "z" : -6.854102
    }
  }, {
    "shape" : "5e568726-19e5-4840-ac80-e79e122b4907",
    "color" : "#00993F",
    "position" : {
      "x" : 0.0,
      "y" : -6.854102,
      "z" : -17.944271
    },
    "orientation" : 11
  }, {
    "shape" : "a755f725-0541-44c6-b9fd-c0089562b859",
    "color" : "#008EC2",
    "position" : {
      "x" : -6.854102,
      "y" : 17.944271,
      "z" : 0.0
    },
    "orientation" : 21
  }, {
    "shape" : "8a720536-94e7-45fa-8cd7-ef61b9b2fd5b",
    "color" : "#008EC2",
    "position" : {
      "x" : 11.09017,
      "y" : 11.09017,
      "z" : 11.09017
    },
    "orientation" : 25
  }, {
    "shape" : "5e568726-19e5-4840-ac80-e79e122b4907",
    "color" : "#00993F",
    "position" : {
      "x" : 11.09017,
      "y" : -11.09017,
      "z" : -11.09017
    },
    "orientation" : 51
  }, {
    "shape" : "8a720536-94e7-45fa-8cd7-ef61b9b2fd5b",
    "color" : "#008EC2",
    "position" : {
      "x" : 0.0,
      "y" : 6.854102,
      "z" : -17.944271
    },
    "orientation" : 39
  }, {
    "shape" : "a755f725-0541-44c6-b9fd-c0089562b859",
    "color" : "#008EC2",
    "position" : {
      "x" : -6.854102,
      "y" : -17.944271,
      "z" : 0.0
    },
    "orientation" : 6
  }, {
    "shape" : "8a720536-94e7-45fa-8cd7-ef61b9b2fd5b",
