{
  "polygons" : "true",
  "field" : "golden",
  "symmetry" : "icosahedral",
  "orientations" : [ [ 1.0, 0.0, 0.0, 0.0, 0.0, 1.0, 0.0, 0.0, 0.0, 0.0, 1.0, 0.0, 0.0, 0.0, 0.0, 1.0 ], [ 0.0, 0.0, 1.0, 0.0, 1.0, 0.0, 0.0, 0.0, 0.0, 1.0, 0.0, 0.0, 0.0, 0.0, 0.0, 1.0 ], [ 0.0, 1.0, 0.0, 0.0, 0.0, 0.0, 1.0, 0.0, 1.0, 0.0, 0.0, 0.0, 0.0, 0.0, 0.0, 1.0 ], [ 0.809017, 0.309017, 0.5, 0.0, 0.309017, 0.5, -0.809017, 0.0, -0.5, 0.809017, 0.309017, 0.0, 0.0, 0.0, 0.0, 1.0 ], [ -0.5, 0.809017, 0.309017, 0.0, 0.809017, 0.309017, 0.5, 0.0, 0.309017, 0.5, -0.809017, 0.0, 0.0, 0.0, 0.0, 1.0 ], [ 0.309017, 0.5, -0.809017, 0.0, -0.5, 0.809017, 0.309017, 0.0, 0.809017, 0.309017, 0.5, 0.0, 0.0, 0.0, 0.0, 1.0 ], [ 0.5, 0.809017, 0.309017, 0.0, 0.809017, -0.309017, -0.5, 0.0, -0.309017, 0.5, -0.809017, 0.0, 0.0, 0.0, 0.0, 1.0 ], [ -0.309017, 0.5, -0.809017, 0.0, 0.5, 0.809017, 0.309017, 0.0, 0.809017, -0.309017, -0.5, 0.0, 0.0, 0.0, 0.0, 1.0 ], [ 0.809017, -0.309017, -0.5, 0.0, -0.309017, 0.5, -0.809017, 0.0, 0.5, 0.809017, 0.309017, 0.0, 0.0, 0.0, 0.0, 1.0 ], [ 0.5, 0.809017, -0.309017, 0.0, 0.809017, -0.309017, 0.5, 0.0, 0.309017, -0.5, -0.809017, 0.0, 0.0, 0.0, 0.0, 1.0 ], [ 0.309017, -0.5, -0.809017, 0.0, 0.5, 0.809017, -0.309017, 0.0, 0.809017, -0.309017, 0.5, 0.0, 0.0, 0.0, 0.0, 1.0 ], [ 0.809017, -0.309017, 0.5, 0.0, 0.309017, -0.5, -0.809017, 0.0, 0.5, 0.809017, -0.309017, 0.0, 0.0, 0.0, 0.0, 1.0 ], [ 0.809017, 0.309017, -0.5, 0.0, 0.309017, 0.5, 0.809017, 0.0, 0.5, -0.809017, 0.309017, 0.0, 0.0, 0.0, 0.0, 1.0 ], [ 0.5, -0.809017, 0.309017, 0.0, 0.809017, 0.309017, -0.5, 0.0, 0.309017, 0.5, 0.809017, 0.0, 0.0, 0.0, 0.0, 1.0 ], [ 0.309017, 0.5, 0.809017, 0.0, 0.5, -0.809017, 0.309017, 0.0, 0.809017, 0.309017, -0.5, 0.0, 0.0, 0.0, 0.0, 1.0 ], [ 1.0, 0.0, 0.0, 0.0, 0.0, -1.0, 0.0, 0.0, 0.0, 0.0, -1.0, 0.0, 0.0, 0.0, 0.0, 1.0 ], [ 0.0, 0.0, 1.0, 0.0, -1.0, 0.0, 0.0, 0.0, 0.0, -1.0, 0.0, 0.0, 0.0, 0.0, 0.0, 1.0 ], [ 0.0, 1.0, 0.0, 0.0, 0.0, 0.0, -1.0, 0.0, -1.0, 0.0, 0.0, 0.0, 0.0, 0.0, 0.0, 1.0 ], [ 0.809017, 0.309017, 0.5, 0.0, -0.309017, -0.5, 0.809017, 0.0, 0.5, -0.809017, -0.309017, 0.0, 0.0, 0.0, 0.0, 1.0 ], [ -0.5, 0.809017, 0.309017, 0.0, -0.809017, -0.309017, -0.5, 0.0, -0.309017, -0.5, 0.809017, 0.0, 0.0, 0.0, 0.0, 1.0 ], [ 0.309017, 0.5, -0.809017, 0.0, 0.5, -0.809017, -0.309017, 0.0, -0.809017, -0.309017, -0.5, 0.0, 0.0, 0.0, 0.0, 1.0 ], [ 0.5, 0.809017, 0.309017, 0.0, -0.809017, 0.309017, 0.5, 0.0, 0.309017, -0.5, 0.809017, 0.0, 0.0, 0.0, 0.0, 1.0 ], [ -0.309017, 0.5, -0.809017, 0.0, -0.5, -0.809017, -0.309017, 0.0, -0.809017, 0.309017, 0.5, 0.0, 0.0, 0.0, 0.0, 1.0 ], [ 0.809017, -0.309017, -0.5, 0.0, 0.309017, -0.5, 0.809017, 0.0, -0.5, -0.809017, -0.309017, 0.0, 0.0, 0.0, 0.0, 1.0 ], [ 0.5, 0.809017, -0.309017, 0.0, -0.809017, 0.309017, -0.5, 0.0, -0.309017, 0.5, 0.809017, 0.0, 0.0, 0.0, 0.0, 1.0 ], [ 0.309017, -0.5, -0.809017, 0.0, -0.5, -0.809017, 0.309017, 0.0, -0.809017, 0.309017, -0.5, 0.0, 0.0, 0.0, 0.0, 1.0 ], [ 0.809017, -0.309017, 0.5, 0.0, -0.309017, 0.5, 0.809017, 0.0, -0.5, -0.809017, 0.309017, 0.0, 0.0, 0.0, 0.0, 1.0 ], [ 0.809017, 0.309017, -0.5, 0.0, -0.309017, -0.5, -0.809017, 0.0, -0.5, 0.809017, -0.309017, 0.0, 0.0, 0.0, 0.0, 1.0 ], [ 0.5, -0.809017, 0.309017, 0.0, -0.809017, -0.309017, 0.5, 0.0, -0.309017, -0.5, -0.809017, 0.0, 0.0, 0.0, 0.0, 1.0 ], [ 0.309017, 0.5, 0.809017, 0.0, -0.5, 0.809017, -0.309017, 0.0, -0.809017, -0.309017, 0.5, 0.0, 0.0, 0.0, 0.0, 1.0 ], [ -1.0, 0.0, 0.0, 0.0, 0.0, -1.0, 0.0, 0.0, 0.0, 0.0, 1.0, 0.0, 0.0, 0.0, 0.0, 1.0 ], [ 0.0, 0.0, -1.0, 0.0, -1.0, 0.0, 0.0, 0.0, 0.0, 1.0, 0.0, 0.0, 0.0, 0.0, 0.0, 1.0 ], [ 0.0, -1.0, 0.0, 0.0, 0.0, 0.0, -1.0, 0.0, 1.0, 0.0, 0.0, 0.0, 0.0, 0.0, 0.0, 1.0 ], [ -0.809017, -0.309017, -0.5, 0.0, -0.309017, -0.5, 0.809017, 0.0, -0.5, 0.809017, 0.309017, 0.0, 0.0, 0.0, 0.0, 1.0 ], [ 0.5, -0.809017, -0.309017, 0.0, -0.809017, -0.309017, -0.5, 0.0, 0.309017, 0.5, -0.809017, 0.0, 0.0, 0.0, 0.0, 1.0 ], [ -0.309017, -0.5, 0.809017, 0.0, 0.5, -0.809017, -0.309017, 0.0, 0.809017, 0.309017, 0.5, 0.0, 0.0, 0.0, 0.0, 1.0 ], [ -0.5, -0.809017, -0.309017, 0.0, -0.809017, 0.309017, 0.5, 0.0, -0.309017, 0.5, -0.809017, 0.0, 0.0, 0.0, 0.0, 1.0 ], [ 0.309017, -0.5, 0.809017, 0.0, -0.5, -0.809017, -0.309017, 0.0, 0.809017, -0.309017, -0.5, 0.0, 0.0, 0.0, 0.0, 1.0 ], [ -0.809017, 0.309017, 0.5, 0.0, 0.309017, -0.5, 0.809017, 0.0, 0.5, 0.809017, 0.309017, 0.0, 0.0, 0.0, 0.0, 1.0 ], [ -0.5, -0.809017, 0.309017, 0.0, -0.809017, 0.309017, -0.5, 0.0, 0.309017, -0.5, -0.809017, 0.0, 0.0, 0.0, 0.0, 1.0 ], [ -0.309017, 0.5, 0.809017, 0.0, -0.5, -0.809017, 0.309017, 0.0, 0.809017, -0.309017, 0.5, 0.0, 0.0, 0.0, 0.0, 1.0 ], [ -0.809017, 0.309017, -0.5, 0.0, -0.309017, 0.5, 0.809017, 0.0, 0.5, 0.809017, -0.309017, 0.0, 0.0, 0.0, 0.0, 1.0 ], [ -0.809017, -0.309017, 0.5, 0.0, -0.309017, -0.5, -0.809017, 0.0, 0.5, -0.809017, 0.309017, 0.0, 0.0, 0.0, 0.0, 1.0 ], [ -0.5, 0.809017, -0.309017, 0.0, -0.809017, -0.309017, 0.5, 0.0, 0.309017, 0.5, 0.809017, 0.0, 0.0, 0.0, 0.0, 1.0 ], [ -0.309017, -0.5, -0.809017, 0.0, -0.5, 0.809017, -0.309017, 0.0, 0.809017, 0.309017, -0.5, 0.0, 0.0, 0.0, 0.0, 1.0 ], [ -1.0, 0.0, 0.0, 0.0, 0.0, 1.0, 0.0, 0.0, 0.0, 0.0, -1.0, 0.0, 0.0, 0.0, 0.0, 1.0 ], [ 0.0, 0.0, -1.0, 0.0, 1.0, 0.0, 0.0, 0.0, 0.0, -1.0, 0.0, 0.0, 0.0, 0.0, 0.0, 1.0 ], [ 0.0, -1.0, 0.0, 0.0, 0.0, 0.0, 1.0, 0.0, -1.0, 0.0, 0.0, 0.0, 0.0, 0.0, 0.0, 1.0 ], [ -0.809017, -0.309017, -0.5, 0.0, 0.309017, 0.5, -0.809017, 0.0, 0.5, -0.809017, -0.309017, 0.0, 0.0, 0.0, 0.0, 1.0 ], [ 0.5, -0.809017, -0.309017, 0.0, 0.809017, 0.309017, 0.5, 0.0, -0.309017, -0.5, 0.809017, 0.0, 0.0, 0.0, 0.0, 1.0 ], [ -0.309017, -0.5, 0.809017, 0.0, -0.5, 0.809017, 0.309017, 0.0, -0.809017, -0.309017, -0.5, 0.0, 0.0, 0.0, 0.0, 1.0 ], [ -0.5, -0.809017, -0.309017, 0.0, 0.809017, -0.309017, -0.5, 0.0, 0.309017, -0.5, 0.809017, 0.0, 0.0, 0.0, 0.0, 1.0 ], [ 0.309017, -0.5, 0.809017, 0.0, 0.5, 0.809017, 0.309017, 0.0, -0.809017, 0.309017, 0.5, 0.0, 0.0, 0.0, 0.0, 1.0 ], [ -0.809017, 0.309017, 0.5, 0.0, -0.309017, 0.5, -0.809017, 0.0, -0.5, -0.809017, -0.309017, 0.0, 0.0, 0.0, 0.0, 1.0 ], [ -0.5, -0.809017, 0.309017, 0.0, 0.809017, -0.309017, 0.5, 0.0, -0.309017, 0.5, 0.809017, 0.0, 0.0, 0.0, 0.0, 1.0 ], [ -0.309017, 0.5, 0.809017, 0.0, 0.5, 0.809017, -0.309017, 0.0, -0.809017, 0.309017, -0.5, 0.0, 0.0, 0.0, 0.0, 1.0 ], [ -0.809017, 0.309017, -0.5, 0.0, 0.309017, -0.5, -0.809017, 0.0, -0.5, -0.809017, 0.309017, 0.0, 0.0, 0.0, 0.0, 1.0 ], [ -0.809017, -0.309017, 0.5, 0.0, 0.309017, 0.5, 0.809017, 0.0, -0.5, 0.809017, -0.309017, 0.0, 0.0, 0.0, 0.0, 1.0 ], [ -0.5, 0.809017, -0.309017, 0.0, 0.809017, 0.309017, -0.5, 0.0, -0.309017, -0.5, -0.809017, 0.0, 0.0, 0.0, 0.0, 1.0 ], [ -0.309017, -0.5, -0.809017, 0.0, 0.5, -0.809017, 0.309017, 0.0, -0.809017, -0.309017, 0.5, 0.0, 0.0, 0.0, 0.0, 1.0 ] ],
  "lights" : {
    "directionalLights" : [ {
      "direction" : [ 1.0, -1.0, -1.0 ],
      "color" : "#EBEBE4"
    }, {
      "direction" : [ -1.0, 0.0, 0.0 ],
      "color" : "#E4E4EB"
    }, {
      "direction" : [ 0.0, 0.0, -1.0 ],
      "color" : "#1E1E1E"
    } ],
    "ambientColor" : "#292929",
    "backgroundColor" : "#AFC8DC"
  },
  "camera" : {
    "perspective" : false,
    "fieldOfView" : 0.44262946,
    "lookAtPoint" : {
      "x" : 0.0,
      "y" : 0.0,
      "z" : 0.0
    },
    "upDirection" : {
      "x" : -0.58778524,
      "y" : -0.4253254,
      "z" : 0.688191
    },
    "stereo" : false,
    "width" : 122.77743,
    "position" : {
      "x" : 0.0,
      "y" : 232.09015,
      "z" : 143.4396
    },
    "viewDistance" : 272.83835,
    "lookAtPointRV" : {
      "x" : 0.0,
      "y" : 0.0,
      "z" : 0.0,
      "zero" : true
    },
    "lookDirectionRV" : {
      "x" : 0.0,
      "y" : -0.8506508,
      "z" : -0.5257311,
      "zero" : false
    },
    "upDirectionRV" : {
      "x" : -0.58778524,
      "y" : -0.4253254,
      "z" : 0.688191,
      "zero" : false
    },
    "lookDirection" : {
      "x" : 0.0,
      "y" : -0.8506508,
      "z" : -0.5257311
    },
    "nearClipDistance" : 0.682096,
    "farClipDistance" : 545.6756
  },
  "embedding" : [ 1.0, 0.0, 0.0, 0.0, 0.0, 1.0, 0.0, 0.0, 0.0, 0.0, 1.0, 0.0, 0.0, 0.0, 0.0, 1.0 ],
  "shapes" : [ {
    "id" : "5cd5811e-a3e3-4b30-9de9-51ef3e5c4dc4",
    "orbit" : "blue",
    "orbitC" : "[[0,0,1],[0,0,1]]",
    "length" : "[-1,1,1]",
    "name" : "b0",
    "vertices" : [ {
      "x" : 4.236068,
      "y" : 0.309017,
      "z" : 0.19098301
    }, {
      "x" : 4.236068,
      "y" : 0.309017,
      "z" : -0.19098301
    }, {
      "x" : 1.0,
      "y" : 0.309017,
      "z" : -0.19098301
    }, {
      "x" : 1.0,
      "y" : 0.309017,
      "z" : 0.19098301
    }, {
      "x" : 4.236068,
      "y" : -0.309017,
      "z" : 0.19098301
    }, {
      "x" : 1.0,
      "y" : -0.309017,
      "z" : 0.19098301
    }, {
      "x" : 1.0,
      "y" : -0.309017,
      "z" : -0.19098301
    }, {
      "x" : 4.236068,
      "y" : -0.309017,
      "z" : -0.19098301
    }, {
      "x" : 5.236068,
      "y" : 0.0,
      "z" : 0.0
    } ],
    "faces" : [ {
      "vertices" : [ 1, 7, 6, 2 ]
    }, {
      "vertices" : [ 0, 1, 2, 3 ]
    }, {
      "vertices" : [ 4, 5, 6, 7 ]
    }, {
      "vertices" : [ 0, 3, 5, 4 ]
    } ]
  }, {
    "id" : "29f86adc-8dbf-4196-badb-8f92886d7560",
    "orbit" : "blue",
    "orbitC" : "[[0,0,1],[0,0,1]]",
    "length" : "[1,0,1]",
    "name" : "b1",
    "vertices" : [ {
      "x" : 7.472136,
      "y" : 0.309017,
      "z" : 0.19098301
    }, {
      "x" : 7.472136,
      "y" : 0.309017,
      "z" : -0.19098301
    }, {
      "x" : 1.0,
      "y" : 0.309017,
      "z" : -0.19098301
    }, {
      "x" : 1.0,
      "y" : 0.309017,
      "z" : 0.19098301
    }, {
      "x" : 7.472136,
      "y" : -0.309017,
      "z" : 0.19098301
    }, {
      "x" : 1.0,
      "y" : -0.309017,
      "z" : 0.19098301
    }, {
      "x" : 1.0,
      "y" : -0.309017,
      "z" : -0.19098301
    }, {
      "x" : 7.472136,
      "y" : -0.309017,
      "z" : -0.19098301
    }, {
      "x" : 8.472136,
      "y" : 0.0,
      "z" : 0.0
    } ],
    "faces" : [ {
      "vertices" : [ 1, 7, 6, 2 ]
    }, {
      "vertices" : [ 0, 1, 2, 3 ]
    }, {
      "vertices" : [ 4, 5, 6, 7 ]
    }, {
      "vertices" : [ 0, 3, 5, 4 ]
    } ]
  }, {
    "id" : "4ed86096-2a71-423a-8361-89fbf5cb63f9",
    "orbit" : "blue",
    "orbitC" : "[[0,0,1],[0,0,1]]",
    "length" : "[0,1,1]",
    "name" : "b2",
    "vertices" : [ {
      "x" : 12.708204,
      "y" : 0.309017,
      "z" : 0.19098301
    }, {
      "x" : 12.708204,
      "y" : 0.309017,
      "z" : -0.19098301
    }, {
      "x" : 1.0,
      "y" : 0.309017,
      "z" : -0.19098301
    }, {
      "x" : 1.0,
      "y" : 0.309017,
      "z" : 0.19098301
    }, {
      "x" : 12.708204,
      "y" : -0.309017,
      "z" : 0.19098301
    }, {
      "x" : 1.0,
      "y" : -0.309017,
      "z" : 0.19098301
    }, {
      "x" : 1.0,
      "y" : -0.309017,
      "z" : -0.19098301
    }, {
      "x" : 12.708204,
      "y" : -0.309017,
      "z" : -0.19098301
    }, {
      "x" : 13.708204,
      "y" : 0.0,
      "z" : 0.0
    } ],
    "faces" : [ {
      "vertices" : [ 1, 7, 6, 2 ]
    }, {
      "vertices" : [ 0, 1, 2, 3 ]
    }, {
      "vertices" : [ 4, 5, 6, 7 ]
    }, {
      "vertices" : [ 0, 3, 5, 4 ]
    } ]
  }, {
    "id" : "f755d854-5a97-4737-afae-c05a2e6dbe3e",
    "name" : "ball",
    "vertices" : [ {
      "x" : 0.309017,
      "y" : -0.809017,
      "z" : 0.618034
    }, {
      "x" : 0.809017,
      "y" : -0.618034,
      "z" : 0.309017
    }, {
      "x" : 0.618034,
      "y" : -0.309017,
      "z" : 0.809017
    }, {
      "x" : 1.0,
      "y" : 0.309017,
      "z" : 0.19098301
    }, {
      "x" : 0.809017,
      "y" : 0.618034,
      "z" : 0.309017
    }, {
      "x" : 0.618034,
      "y" : 0.309017,
      "z" : 0.809017
    }, {
      "x" : 0.809017,
      "y" : 0.0,
      "z" : 0.690983
    }, {
      "x" : 0.19098301,
      "y" : -1.0,
      "z" : 0.309017
    }, {
      "x" : -0.19098301,
      "y" : -1.0,
      "z" : 0.309017
    }, {
      "x" : -0.19098301,
      "y" : -1.0,
      "z" : -0.309017
    }, {
      "x" : 0.19098301,
      "y" : -1.0,
      "z" : -0.309017
    }, {
      "x" : 1.0,
      "y" : -0.309017,
      "z" : -0.19098301
    }, {
      "x" : 0.809017,
      "y" : -0.618034,
      "z" : -0.309017
    }, {
      "x" : 0.618034,
      "y" : -0.309017,
      "z" : -0.809017
    }, {
      "x" : 0.809017,
      "y" : 0.0,
      "z" : -0.690983
    }, {
      "x" : 0.0,
      "y" : 0.690983,
      "z" : -0.809017
    }, {
      "x" : 0.309017,
      "y" : 0.809017,
      "z" : -0.618034
    }, {
      "x" : 0.618034,
      "y" : 0.309017,
      "z" : -0.809017
    }, {
      "x" : 0.309017,
      "y" : 0.19098301,
      "z" : -1.0
    }, {
      "x" : 1.0,
      "y" : 0.309017,
      "z" : -0.19098301
    }, {
      "x" : -0.309017,
      "y" : -0.809017,
      "z" : 0.618034
    }, {
      "x" : 0.0,
      "y" : -0.690983,
      "z" : 0.809017
    }, {
      "x" : 0.809017,
      "y" : 0.618034,
      "z" : -0.309017
    }, {
      "x" : 0.690983,
      "y" : 0.809017,
      "z" : 0.0
    }, {
      "x" : -0.690983,
      "y" : 0.809017,
      "z" : 0.0
    }, {
      "x" : -0.809017,
      "y" : 0.618034,
      "z" : 0.309017
    }, {
      "x" : -0.309017,
      "y" : 0.809017,
      "z" : 0.618034
    }, {
      "x" : -0.19098301,
      "y" : 1.0,
      "z" : 0.309017
    }, {
      "x" : 0.309017,
      "y" : -0.19098301,
      "z" : -1.0
    }, {
      "x" : 0.19098301,
      "y" : 1.0,
      "z" : 0.309017
    }, {
      "x" : 0.309017,
      "y" : 0.809017,
      "z" : 0.618034
    }, {
      "x" : -0.809017,
      "y" : -0.618034,
      "z" : 0.309017
    }, {
      "x" : -0.690983,
      "y" : -0.809017,
      "z" : 0.0
    }, {
      "x" : 0.0,
      "y" : 0.690983,
      "z" : 0.809017
    }, {
      "x" : 0.309017,
      "y" : -0.809017,
      "z" : -0.618034
    }, {
      "x" : 0.0,
      "y" : -0.690983,
      "z" : -0.809017
    }, {
      "x" : -1.0,
      "y" : 0.309017,
      "z" : 0.19098301
    }, {
      "x" : -0.809017,
      "y" : 0.0,
      "z" : 0.690983
    }, {
      "x" : -0.618034,
      "y" : 0.309017,
      "z" : 0.809017
    }, {
      "x" : 1.0,
      "y" : -0.309017,
      "z" : 0.19098301
    }, {
      "x" : -0.309017,
      "y" : -0.809017,
      "z" : -0.618034
    }, {
      "x" : -1.0,
      "y" : 0.309017,
      "z" : -0.19098301
    }, {
      "x" : -1.0,
      "y" : -0.309017,
      "z" : -0.19098301
    }, {
      "x" : -1.0,
      "y" : -0.309017,
      "z" : 0.19098301
    }, {
      "x" : 0.19098301,
      "y" : 1.0,
      "z" : -0.309017
    }, {
      "x" : -0.809017,
      "y" : 0.618034,
      "z" : -0.309017
    }, {
      "x" : -0.19098301,
      "y" : 1.0,
      "z" : -0.309017
    }, {
      "x" : -0.309017,
      "y" : 0.809017,
      "z" : -0.618034
    }, {
      "x" : -0.618034,
      "y" : -0.309017,
      "z" : 0.809017
    }, {
      "x" : 0.309017,
      "y" : 0.19098301,
      "z" : 1.0
    }, {
      "x" : -0.309017,
      "y" : 0.19098301,
      "z" : -1.0
    }, {
      "x" : -0.309017,
      "y" : 0.19098301,
      "z" : 1.0
    }, {
      "x" : -0.309017,
      "y" : -0.19098301,
      "z" : 1.0
    }, {
      "x" : 0.309017,
      "y" : -0.19098301,
      "z" : 1.0
    }, {
      "x" : 0.690983,
      "y" : -0.809017,
      "z" : 0.0
    }, {
      "x" : -0.809017,
      "y" : 0.0,
      "z" : -0.690983
    }, {
      "x" : -0.618034,
      "y" : -0.309017,
      "z" : -0.809017
    }, {
      "x" : -0.309017,
      "y" : -0.19098301,
      "z" : -1.0
    }, {
      "x" : -0.618034,
      "y" : 0.309017,
      "z" : -0.809017
    }, {
      "x" : -0.809017,
      "y" : -0.618034,
      "z" : -0.309017
    } ],
    "faces" : [ {
      "vertices" : [ 9, 40, 35, 34, 10 ]
    }, {
      "vertices" : [ 0, 1, 2 ]
    }, {
      "vertices" : [ 33, 51, 49 ]
    }, {
      "vertices" : [ 25, 36, 37, 38 ]
    }, {
      "vertices" : [ 41, 55, 42 ]
    }, {
      "vertices" : [ 9, 32, 59, 40 ]
    }, {
      "vertices" : [ 20, 21, 52, 48 ]
    }, {
      "vertices" : [ 26, 33, 30, 29, 27 ]
    }, {
      "vertices" : [ 3, 4, 5, 6 ]
    }, {
      "vertices" : [ 27, 29, 44, 46 ]
    }, {
      "vertices" : [ 50, 57, 56, 55, 58 ]
    }, {
      "vertices" : [ 26, 38, 51, 33 ]
    }, {
      "vertices" : [ 45, 47, 58 ]
    }, {
      "vertices" : [ 18, 28, 57, 50 ]
    }, {
      "vertices" : [ 40, 59, 56 ]
    }, {
      "vertices" : [ 31, 48, 37, 43 ]
    }, {
      "vertices" : [ 7, 8, 9, 10 ]
    }, {
      "vertices" : [ 36, 41, 42, 43 ]
    }, {
      "vertices" : [ 24, 46, 47, 45 ]
    }, {
      "vertices" : [ 4, 30, 5 ]
    }, {
      "vertices" : [ 15, 47, 46, 44, 16 ]
    }, {
      "vertices" : [ 15, 50, 58, 47 ]
    }, {
      "vertices" : [ 24, 45, 41, 36, 25 ]
    }, {
      "vertices" : [ 11, 14, 19 ]
    }, {
      "vertices" : [ 3, 6, 39 ]
    }, {
      "vertices" : [ 1, 39, 6, 2 ]
    }, {
      "vertices" : [ 8, 32, 9 ]
    }, {
      "vertices" : [ 11, 12, 13, 14 ]
    }, {
      "vertices" : [ 16, 22, 17 ]
    }, {
      "vertices" : [ 0, 21, 20, 8, 7 ]
    }, {
      "vertices" : [ 12, 34, 13 ]
    }, {
      "vertices" : [ 35, 40, 56, 57 ]
    }, {
      "vertices" : [ 0, 7, 54, 1 ]
    }, {
      "vertices" : [ 15, 16, 17, 18 ]
    }, {
      "vertices" : [ 3, 19, 22, 23, 4 ]
    }, {
      "vertices" : [ 7, 10, 54 ]
    }, {
      "vertices" : [ 41, 45, 58, 55 ]
    }, {
      "vertices" : [ 3, 39, 11, 19 ]
    }, {
      "vertices" : [ 14, 17, 22, 19 ]
    }, {
      "vertices" : [ 0, 2, 53, 21 ]
    }, {
      "vertices" : [ 49, 51, 52, 53 ]
    }, {
      "vertices" : [ 31, 43, 42, 59, 32 ]
    }, {
      "vertices" : [ 15, 18, 50 ]
    }, {
      "vertices" : [ 42, 55, 56, 59 ]
    }, {
      "vertices" : [ 4, 23, 29, 30 ]
    }, {
      "vertices" : [ 25, 38, 26 ]
    }, {
      "vertices" : [ 13, 28, 18, 17, 14 ]
    }, {
      "vertices" : [ 8, 20, 31, 32 ]
    }, {
      "vertices" : [ 23, 44, 29 ]
    }, {
      "vertices" : [ 24, 27, 46 ]
    }, {
      "vertices" : [ 37, 48, 52, 51, 38 ]
    }, {
      "vertices" : [ 20, 48, 31 ]
    }, {
      "vertices" : [ 24, 25, 26, 27 ]
    }, {
      "vertices" : [ 16, 44, 23, 22 ]
    }, {
      "vertices" : [ 13, 34, 35, 28 ]
    }, {
      "vertices" : [ 10, 34, 12, 54 ]
    }, {
      "vertices" : [ 2, 6, 5, 49, 53 ]
    }, {
      "vertices" : [ 36, 43, 37 ]
    }, {
      "vertices" : [ 5, 30, 33, 49 ]
    }, {
      "vertices" : [ 1, 54, 12, 11, 39 ]
    }, {
      "vertices" : [ 28, 35, 57 ]
    }, {
      "vertices" : [ 21, 53, 52 ]
    } ]
  }, {
    "id" : "7fb1983c-de1e-4a37-99f6-56ad0002888d",
    "orbit" : "blue",
    "orbitC" : "[[0,0,1],[0,0,1]]",
    "length" : "[1,1,1]",
    "name" : "b3",
    "vertices" : [ {
      "x" : 21.18034,
      "y" : 0.309017,
      "z" : 0.19098301
    }, {
      "x" : 21.18034,
      "y" : 0.309017,
      "z" : -0.19098301
    }, {
      "x" : 1.0,
      "y" : 0.309017,
      "z" : -0.19098301
    }, {
      "x" : 1.0,
      "y" : 0.309017,
      "z" : 0.19098301
    }, {
      "x" : 21.18034,
      "y" : -0.309017,
      "z" : 0.19098301
    }, {
      "x" : 1.0,
      "y" : -0.309017,
      "z" : 0.19098301
    }, {
      "x" : 1.0,
      "y" : -0.309017,
      "z" : -0.19098301
    }, {
      "x" : 21.18034,
      "y" : -0.309017,
      "z" : -0.19098301
    }, {
      "x" : 22.18034,
      "y" : 0.0,
      "z" : 0.0
    } ],
    "faces" : [ {
      "vertices" : [ 1, 7, 6, 2 ]
    }, {
      "vertices" : [ 0, 1, 2, 3 ]
    }, {
      "vertices" : [ 4, 5, 6, 7 ]
    }, {
      "vertices" : [ 0, 3, 5, 4 ]
    } ]
  } ],
  "instances" : [ {
    "shape" : "5cd5811e-a3e3-4b30-9de9-51ef3e5c4dc4",
    "color" : "#007695",
    "position" : {
      "x" : -8.472136,
      "y" : 13.708204,
      "z" : 0.0
    },
    "orientation" : 25
  }, {
    "shape" : "29f86adc-8dbf-4196-badb-8f92886d7560",
    "color" : "#007695",
    "position" : {
      "x" : -6.854102,
      "y" : -11.09017,
      "z" : -4.236068
    },
    "orientation" : 2
  }, {
    "shape" : "4ed86096-2a71-423a-8361-89fbf5cb63f9",
    "color" : "#007695",
    "position" : {
      "x" : 11.09017,
      "y" : -17.944271,
      "z" : -15.326238
    },
    "orientation" : 47
  }, {
    "shape" : "29f86adc-8dbf-4196-badb-8f92886d7560",
    "color" : "#007695",
    "position" : {
      "x" : -4.236068,
      "y" : -29.034441,
      "z" : 11.09017
    },
    "orientation" : 7
  }, {
    "shape" : "f755d854-5a97-4737-afae-c05a2e6dbe3e",
    "color" : "#0099CC",
    "position" : {
      "x" : 4.236068,
      "y" : -15.326238,
      "z" : 11.09017
    }
  }, {
    "shape" : "7fb1983c-de1e-4a37-99f6-56ad0002888d",
    "color" : "#007695",
    "position" : {
      "x" : 0.0,
      "y" : 35.888542,
      "z" : 0.0
    },
    "orientation" : 53
  }, {
    "shape" : "7fb1983c-de1e-4a37-99f6-56ad0002888d",
    "color" : "#007695",
    "position" : {
      "x" : 35.888542,
      "y" : 0.0,
      "z" : 0.0
    },
    "orientation" : 22
  }, {
    "shape" : "29f86adc-8dbf-4196-badb-8f92886d7560",
    "color" : "#007695",
    "position" : {
      "x" : 6.854102,
      "y" : 11.09017,
      "z" : 4.236068
    },
    "orientation" : 21
  }, {
    "shape" : "f755d854-5a97-4737-afae-c05a2e6dbe3e",
    "color" : "#0099CC",
    "position" : {
      "x" : 22.18034,
      "y" : 0.0,
      "z" : -13.708204
    }
  }, {
    "shape" : "5cd5811e-a3e3-4b30-9de9-51ef3e5c4dc4",
    "color" : "#007695",
    "position" : {
      "x" : 11.09017,
      "y" : -4.236068,
      "z" : -6.854102
    },
    "orientation" : 22
  }, {
    "shape" : "4ed86096-2a71-423a-8361-89fbf5cb63f9",
    "color" : "#007695",
    "position" : {
      "x" : 6.854102,
      "y" : -24.798374,
      "z" : -4.236068
    },
    "orientation" : 39
  }, {
    "shape" : "29f86adc-8dbf-4196-badb-8f92886d7560",
    "color" : "#007695",
    "position" : {
      "x" : 4.236068,
      "y" : -6.854102,
      "z" : -24.798374
    },
    "orientation" : 51
  }, {
    "shape" : "29f86adc-8dbf-4196-badb-8f92886d7560",
    "color" : "#007695",
    "position" : {
      "x" : -4.236068,
      "y" : -15.326238,
      "z" : -2.618034
    },
    "orientation" : 53
  }, {
    "shape" : "f755d854-5a97-4737-afae-c05a2e6dbe3e",
    "color" : "#0099CC",
    "position" : {
      "x" : 0.0,
      "y" : -13.708204,
      "z" : 22.18034
    }
  }, {
    "shape" : "7fb1983c-de1e-4a37-99f6-56ad0002888d",
    "color" : "#007695",
    "position" : {
      "x" : -29.034441,
      "y" : -11.09017,
      "z" : -17.944271
    },
    "orientation" : 26
  }, {
    "shape" : "5cd5811e-a3e3-4b30-9de9-51ef3e5c4dc4",
    "color" : "#007695",
    "position" : {
      "x" : 4.236068,
      "y" : 6.854102,
      "z" : -11.09017
    },
    "orientation" : 56
  }, {
    "shape" : "29f86adc-8dbf-4196-badb-8f92886d7560",
    "color" : "#007695",
    "position" : {
      "x" : 11.09017,
      "y" : 17.944271,
      "z" : -6.854102
    },
    "orientation" : 37
  }, {
    "shape" : "f755d854-5a97-4737-afae-c05a2e6dbe3e",
    "color" : "#0099CC",
    "position" : {
      "x" : 15.326238,
      "y" : -11.09017,
      "z" : -17.944271
    }
  }, {
    "shape" : "f755d854-5a97-4737-afae-c05a2e6dbe3e",
    "color" : "#0099CC",
    "position" : {
      "x" : 17.944271,
      "y" : 6.854102,
      "z" : -2.618034
    }
  }, {
    "shape" : "4ed86096-2a71-423a-8361-89fbf5cb63f9",
    "color" : "#007695",
    "position" : {
      "x" : -4.236068,
      "y" : -6.854102,
      "z" : -24.798374
    },
    "orientation" : 52
  }, {
    "shape" : "f755d854-5a97-4737-afae-c05a2e6dbe3e",
    "color" : "#0099CC",
    "position" : {
      "x" : -17.944271,
      "y" : -6.854102,
      "z" : -24.798374
    }
  }, {
    "shape" : "4ed86096-2a71-423a-8361-89fbf5cb63f9",
    "color" : "#007695",
    "position" : {
      "x" : 17.944271,
      "y" : 6.854102,
      "z" : -11.09017
    },
    "orientation" : 51
  }, {
    "shape" : "29f86adc-8dbf-4196-badb-8f92886d7560",
    "color" : "#007695",
    "position" : {
      "x" : 11.09017,
      "y" : 4.236068,
      "z" : 29.034441
    },
    "orientation" : 23
  }, {
    "shape" : "29f86adc-8dbf-4196-badb-8f92886d7560",
    "color" : "#007695",
    "position" : {
      "x" : -4.236068,
      "y" : 29.034441,
      "z" : 11.09017
    },
    "orientation" : 0
  }, {
    "shape" : "f755d854-5a97-4737-afae-c05a2e6dbe3e",
    "color" : "#0099CC",
    "position" : {
      "x" : -29.034441,
      "y" : 11.09017,
      "z" : -4.236068
    }
  }, {
    "shape" : "f755d854-5a97-4737-afae-c05a2e6dbe3e",
    "color" : "#0099CC",
    "position" : {
      "x" : 15.326238,
      "y" : 11.09017,
      "z" : 4.236068
    }
  }, {
    "shape" : "29f86adc-8dbf-4196-badb-8f92886d7560",
    "color" : "#007695",
    "position" : {
      "x" : 11.09017,
      "y" : 9.472136,
      "z" : -6.854102
    },
    "orientation" : 1
  }, {
    "shape" : "29f86adc-8dbf-4196-badb-8f92886d7560",
    "color" : "#007695",
    "position" : {
      "x" : 6.854102,
      "y" : -11.09017,
      "z" : -17.944271
    },
    "orientation" : 9
  }, {
    "shape" : "4ed86096-2a71-423a-8361-89fbf5cb63f9",
    "color" : "#007695",
    "position" : {
      "x" : 24.798374,
      "y" : 4.236068,
      "z" : 6.854102
    },
    "orientation" : 26
  }, {
    "shape" : "4ed86096-2a71-423a-8361-89fbf5cb63f9",
    "color" : "#007695",
    "position" : {
      "x" : -29.034441,
      "y" : 11.09017,
      "z" : -17.944271
    },
    "orientation" : 24
  }, {
    "shape" : "5cd5811e-a3e3-4b30-9de9-51ef3e5c4dc4",
    "color" : "#007695",
    "position" : {
      "x" : 11.09017,
      "y" : -4.236068,
      "z" : 6.854102
    },
    "orientation" : 16
  }, {
    "shape" : "5cd5811e-a3e3-4b30-9de9-51ef3e5c4dc4",
    "color" : "#007695",
    "position" : {
      "x" : -6.854102,
      "y" : -2.618034,
      "z" : -17.944271
    },
    "orientation" : 41
  }, {
    "shape" : "f755d854-5a97-4737-afae-c05a2e6dbe3e",
    "color" : "#0099CC",
    "position" : {
      "x" : -4.236068,
      "y" : 15.326238,
      "z" : -11.09017
    }
  }, {
    "shape" : "5cd5811e-a3e3-4b30-9de9-51ef3e5c4dc4",
    "color" : "#007695",
    "position" : {
      "x" : -6.854102,
      "y" : -11.09017,
      "z" : -4.236068
    },
    "orientation" : 40
  }, {
    "shape" : "f755d854-5a97-4737-afae-c05a2e6dbe3e",
    "color" : "#0099CC",
    "position" : {
      "x" : 13.708204,
      "y" : 0.0,
      "z" : 8.472136
    }
  }, {
    "shape" : "7fb1983c-de1e-4a37-99f6-56ad0002888d",
    "color" : "#007695",
    "position" : {
      "x" : 35.888542,
      "y" : 0.0,
      "z" : 0.0
    },
    "orientation" : 7
  }, {
    "shape" : "5cd5811e-a3e3-4b30-9de9-51ef3e5c4dc4",
    "color" : "#007695",
    "position" : {
      "x" : 6.854102,
      "y" : -11.09017,
      "z" : -4.236068
    },
    "orientation" : 23
  }, {
    "shape" : "5cd5811e-a3e3-4b30-9de9-51ef3e5c4dc4",
    "color" : "#007695",
    "position" : {
      "x" : -11.09017,
      "y" : 9.472136,
      "z" : -6.854102
    },
    "orientation" : 16
  }, {
    "shape" : "5cd5811e-a3e3-4b30-9de9-51ef3e5c4dc4",
    "color" : "#007695",
    "position" : {
      "x" : 15.326238,
      "y" : -11.09017,
      "z" : -4.236068
    },
    "orientation" : 9
  }, {
    "shape" : "29f86adc-8dbf-4196-badb-8f92886d7560",
    "color" : "#007695",
    "position" : {
      "x" : -11.09017,
      "y" : -4.236068,
      "z" : 29.034441
    },
    "orientation" : 53
  }, {
    "shape" : "f755d854-5a97-4737-afae-c05a2e6dbe3e",
    "color" : "#0099CC",
    "position" : {
      "x" : -2.618034,
      "y" : -4.236068,
      "z" : 15.326238
    }
  }, {
    "shape" : "29f86adc-8dbf-4196-badb-8f92886d7560",
    "color" : "#007695",
    "position" : {
      "x" : 6.854102,
      "y" : -11.09017,
      "z" : -17.944271
    },
    "orientation" : 51
  }, {
    "shape" : "4ed86096-2a71-423a-8361-89fbf5cb63f9",
    "color" : "#007695",
    "position" : {
      "x" : 17.944271,
      "y" : 29.034441,
      "z" : 11.09017
    },
    "orientation" : 25
  }, {
    "shape" : "f755d854-5a97-4737-afae-c05a2e6dbe3e",
    "color" : "#F2F2F2",
    "position" : {
      "x" : 11.09017,
      "y" : -17.944271,
      "z" : -6.854102
    }
  }, {
    "shape" : "f755d854-5a97-4737-afae-c05a2e6dbe3e",
    "color" : "#F2F2F2",
    "position" : {
      "x" : 11.09017,
      "y" : 17.944271,
      "z" : -6.854102
    }
  }, {
    "shape" : "4ed86096-2a71-423a-8361-89fbf5cb63f9",
    "color" : "#007695",
    "position" : {
      "x" : 17.944271,
      "y" : 15.326238,
      "z" : -11.09017
    },
    "orientation" : 26
  }, {
    "shape" : "7fb1983c-de1e-4a37-99f6-56ad0002888d",
    "color" : "#007695",
    "position" : {
      "x" : -29.034441,
      "y" : 11.09017,
      "z" : -17.944271
    },
    "orientation" : 9
  }, {
    "shape" : "4ed86096-2a71-423a-8361-89fbf5cb63f9",
    "color" : "#007695",
    "position" : {
      "x" : -17.944271,
      "y" : 29.034441,
      "z" : 11.09017
    },
    "orientation" : 36
  }, {
    "shape" : "f755d854-5a97-4737-afae-c05a2e6dbe3e",
    "color" : "#0099CC",
    "position" : {
      "x" : -8.472136,
      "y" : -13.708204,
      "z" : 0.0
    }
  }, {
    "shape" : "f755d854-5a97-4737-afae-c05a2e6dbe3e",
    "color" : "#0099CC",
    "position" : {
      "x" : -4.236068,
      "y" : 15.326238,
      "z" : 11.09017
    }
  }, {
    "shape" : "29f86adc-8dbf-4196-badb-8f92886d7560",
    "color" : "#007695",
    "position" : {
      "x" : 0.0,
      "y" : -22.18034,
      "z" : 22.18034
    },
    "orientation" : 26
  }, {
    "shape" : "f755d854-5a97-4737-afae-c05a2e6dbe3e",
    "color" : "#0099CC",
    "position" : {
      "x" : -4.236068,
      "y" : -29.034441,
      "z" : -11.09017
    }
  }, {
    "shape" : "f755d854-5a97-4737-afae-c05a2e6dbe3e",
    "color" : "#0099CC",
    "position" : {
      "x" : -6.854102,
      "y" : -11.09017,
      "z" : -9.472136
    }
  }, {
    "shape" : "4ed86096-2a71-423a-8361-89fbf5cb63f9",
    "color" : "#007695",
    "position" : {
      "x" : -6.854102,
      "y" : -24.798374,
      "z" : 4.236068
    },
    "orientation" : 41
  }, {
    "shape" : "29f86adc-8dbf-4196-badb-8f92886d7560",
    "color" : "#007695",
    "position" : {
      "x" : 0.0,
      "y" : 22.18034,
      "z" : 0.0
    },
    "orientation" : 39
  }, {
    "shape" : "29f86adc-8dbf-4196-badb-8f92886d7560",
    "color" : "#007695",
    "position" : {
      "x" : -6.854102,
      "y" : -11.09017,
      "z" : 17.944271
    },
    "orientation" : 25
  }, {
    "shape" : "29f86adc-8dbf-4196-badb-8f92886d7560",
    "color" : "#007695",
    "position" : {
      "x" : -11.09017,
      "y" : 9.472136,
      "z" : -6.854102
    },
    "orientation" : 53
  }, {
    "shape" : "4ed86096-2a71-423a-8361-89fbf5cb63f9",
    "color" : "#007695",
    "position" : {
      "x" : 0.0,
      "y" : -22.18034,
      "z" : 0.0
    },
    "orientation" : 56
  }, {
    "shape" : "f755d854-5a97-4737-afae-c05a2e6dbe3e",
    "color" : "#0099CC",
    "position" : {
      "x" : -4.236068,
      "y" : -15.326238,
      "z" : -11.09017
    }
  }, {
    "shape" : "29f86adc-8dbf-4196-badb-8f92886d7560",
    "color" : "#007695",
    "position" : {
      "x" : 17.944271,
      "y" : -6.854102,
      "z" : -11.09017
    },
    "orientation" : 54
  }, {
    "shape" : "f755d854-5a97-4737-afae-c05a2e6dbe3e",
    "color" : "#0099CC",
    "position" : {
      "x" : 6.854102,
      "y" : -24.798374,
      "z" : -4.236068
    }
  }, {
    "shape" : "5cd5811e-a3e3-4b30-9de9-51ef3e5c4dc4",
    "color" : "#007695",
    "position" : {
      "x" : 11.09017,
      "y" : 4.236068,
      "z" : -15.326238
    },
    "orientation" : 21
  }, {
    "shape" : "4ed86096-2a71-423a-8361-89fbf5cb63f9",
    "color" : "#007695",
    "position" : {
      "x" : -6.854102,
      "y" : -24.798374,
      "z" : -4.236068
    },
    "orientation" : 53
  }, {
    "shape" : "f755d854-5a97-4737-afae-c05a2e6dbe3e",
    "color" : "#0099CC",
    "position" : {
      "x" : 9.472136,
      "y" : 6.854102,
      "z" : 11.09017
    }
  }, {
    "shape" : "5cd5811e-a3e3-4b30-9de9-51ef3e5c4dc4",
    "color" : "#007695",
    "position" : {
      "x" : -17.944271,
      "y" : -6.854102,
      "z" : -2.618034
    },
    "orientation" : 24
  }, {
    "shape" : "29f86adc-8dbf-4196-badb-8f92886d7560",
    "color" : "#007695",
    "position" : {
      "x" : -6.854102,
      "y" : 11.09017,
      "z" : -17.944271
    },
    "orientation" : 25
  }, {
    "shape" : "29f86adc-8dbf-4196-badb-8f92886d7560",
    "color" : "#007695",
    "position" : {
      "x" : 6.854102,
      "y" : 11.09017,
      "z" : 17.944271
    },
    "orientation" : 56
  }, {
    "shape" : "5cd5811e-a3e3-4b30-9de9-51ef3e5c4dc4",
    "color" : "#007695",
    "position" : {
      "x" : 2.618034,
      "y" : 4.236068,
      "z" : 15.326238
    },
    "orientation" : 36
  }, {
    "shape" : "f755d854-5a97-4737-afae-c05a2e6dbe3e",
    "color" : "#0099CC",
    "position" : {
      "x" : -15.326238,
      "y" : -2.618034,
      "z" : 4.236068
    }
  }, {
    "shape" : "29f86adc-8dbf-4196-badb-8f92886d7560",
    "color" : "#007695",
    "position" : {
      "x" : 17.944271,
      "y" : -6.854102,
      "z" : -11.09017
    },
    "orientation" : 22
  }, {
    "shape" : "29f86adc-8dbf-4196-badb-8f92886d7560",
    "color" : "#007695",
    "position" : {
      "x" : -11.09017,
      "y" : 9.472136,
      "z" : 6.854102
    },
    "orientation" : 1
  }, {
    "shape" : "4ed86096-2a71-423a-8361-89fbf5cb63f9",
    "color" : "#007695",
    "position" : {
      "x" : 11.09017,
      "y" : -17.944271,
      "z" : 29.034441
    },
    "orientation" : 6
  }, {
    "shape" : "29f86adc-8dbf-4196-badb-8f92886d7560",
    "color" : "#007695",
    "position" : {
      "x" : 17.944271,
      "y" : -6.854102,
      "z" : 11.09017
    },
    "orientation" : 9
  }, {
    "shape" : "29f86adc-8dbf-4196-badb-8f92886d7560",
    "color" : "#007695",
    "position" : {
      "x" : 6.854102,
      "y" : 11.09017,
      "z" : -4.236068
    },
    "orientation" : 2
  }, {
    "shape" : "29f86adc-8dbf-4196-badb-8f92886d7560",
    "color" : "#007695",
    "position" : {
      "x" : 11.09017,
      "y" : -17.944271,
      "z" : -6.854102
    },
    "orientation" : 45
  }, {
    "shape" : "4ed86096-2a71-423a-8361-89fbf5cb63f9",
    "color" : "#007695",
    "position" : {
      "x" : -11.09017,
      "y" : -17.944271,
      "z" : -29.034441
    },
    "orientation" : 51
  }, {
    "shape" : "f755d854-5a97-4737-afae-c05a2e6dbe3e",
    "color" : "#0099CC",
    "position" : {
      "x" : 24.798374,
      "y" : -4.236068,
      "z" : -6.854102
    }
  }, {
    "shape" : "f755d854-5a97-4737-afae-c05a2e6dbe3e",
    "color" : "#0099CC",
    "position" : {
      "x" : 4.236068,
      "y" : -29.034441,
      "z" : -11.09017
    }
  }, {
    "shape" : "29f86adc-8dbf-4196-badb-8f92886d7560",
    "color" : "#007695",
    "position" : {
      "x" : -9.472136,
      "y" : -6.854102,
      "z" : 11.09017
    },
    "orientation" : 37
  }, {
    "shape" : "5cd5811e-a3e3-4b30-9de9-51ef3e5c4dc4",
    "color" : "#007695",
    "position" : {
      "x" : 17.944271,
      "y" : 6.854102,
      "z" : -2.618034
    },
    "orientation" : 54
  }, {
    "shape" : "f755d854-5a97-4737-afae-c05a2e6dbe3e",
    "color" : "#0099CC",
    "position" : {
      "x" : 6.854102,
      "y" : 24.798374,
      "z" : 4.236068
    }
  }, {
    "shape" : "29f86adc-8dbf-4196-badb-8f92886d7560",
    "color" : "#007695",
    "position" : {
      "x" : -24.798374,
      "y" : 17.944271,
      "z" : -6.854102
    },
    "orientation" : 10
  }, {
    "shape" : "5cd5811e-a3e3-4b30-9de9-51ef3e5c4dc4",
    "color" : "#007695",
    "position" : {
      "x" : 17.944271,
      "y" : -6.854102,
      "z" : 2.618034
    },
    "orientation" : 39
  }, {
    "shape" : "f755d854-5a97-4737-afae-c05a2e6dbe3e",
    "color" : "#0099CC",
    "position" : {
      "x" : 0.0,
      "y" : 13.708204,
      "z" : -13.708204
    }
  }, {
    "shape" : "4ed86096-2a71-423a-8361-89fbf5cb63f9",
    "color" : "#007695",
    "position" : {
      "x" : -17.944271,
      "y" : 29.034441,
      "z" : -11.09017
    },
    "orientation" : 0
  }, {
    "shape" : "4ed86096-2a71-423a-8361-89fbf5cb63f9",
    "color" : "#007695",
    "position" : {
      "x" : 11.09017,
      "y" : 17.944271,
      "z" : 6.854102
    },
    "orientation" : 56
  }, {
    "shape" : "f755d854-5a97-4737-afae-c05a2e6dbe3e",
    "color" : "#0099CC",
    "position" : {
      "x" : 22.18034,
      "y" : 0.0,
      "z" : 22.18034
    }
  }, {
    "shape" : "5cd5811e-a3e3-4b30-9de9-51ef3e5c4dc4",
    "color" : "#007695",
    "position" : {
      "x" : 6.854102,
      "y" : 11.09017,
      "z" : 4.236068
    },
    "orientation" : 54
  }, {
    "shape" : "5cd5811e-a3e3-4b30-9de9-51ef3e5c4dc4",
    "color" : "#007695",
    "position" : {
      "x" : -4.236068,
      "y" : -6.854102,
      "z" : 11.09017
    },
    "orientation" : 36
  }, {
    "shape" : "f755d854-5a97-4737-afae-c05a2e6dbe3e",
    "color" : "#0099CC",
    "position" : {
      "x" : -15.326238,
      "y" : 11.09017,
      "z" : 17.944271
    }
  }, {
    "shape" : "4ed86096-2a71-423a-8361-89fbf5cb63f9",
    "color" : "#007695",
    "position" : {
      "x" : 29.034441,
      "y" : 11.09017,
      "z" : 17.944271
    },
    "orientation" : 39
  }, {
    "shape" : "4ed86096-2a71-423a-8361-89fbf5cb63f9",
    "color" : "#007695",
    "position" : {
      "x" : -11.09017,
      "y" : 17.944271,
      "z" : -29.034441
    },
    "orientation" : 10
  }, {
    "shape" : "f755d854-5a97-4737-afae-c05a2e6dbe3e",
    "color" : "#0099CC",
    "position" : {
      "x" : -15.326238,
      "y" : 11.09017,
      "z" : 4.236068
    }
  }, {
    "shape" : "5cd5811e-a3e3-4b30-9de9-51ef3e5c4dc4",
    "color" : "#007695",
    "position" : {
      "x" : 15.326238,
      "y" : 11.09017,
      "z" : 4.236068
    },
    "orientation" : 24
  }, {
    "shape" : "f755d854-5a97-4737-afae-c05a2e6dbe3e",
    "color" : "#0099CC",
    "position" : {
      "x" : 17.944271,
      "y" : -15.326238,
      "z" : -11.09017
    }
  }, {
    "shape" : "5cd5811e-a3e3-4b30-9de9-51ef3e5c4dc4",
    "color" : "#007695",
    "position" : {
      "x" : -4.236068,
      "y" : -6.854102,
      "z" : -11.09017
    },
    "orientation" : 26
  }, {
    "shape" : "f755d854-5a97-4737-afae-c05a2e6dbe3e",
    "color" : "#0099CC",
    "position" : {
      "x" : -17.944271,
      "y" : 15.326238,
      "z" : 11.09017
    }
  }, {
    "shape" : "f755d854-5a97-4737-afae-c05a2e6dbe3e",
    "color" : "#0099CC",
    "position" : {
      "x" : 11.09017,
      "y" : -4.236068,
      "z" : 29.034441
    }
  }, {
    "shape" : "5cd5811e-a3e3-4b30-9de9-51ef3e5c4dc4",
    "color" : "#007695",
    "position" : {
      "x" : 4.236068,
      "y" : 15.326238,
      "z" : 2.618034
    },
    "orientation" : 53
  }, {
    "shape" : "4ed86096-2a71-423a-8361-89fbf5cb63f9",
    "color" : "#007695",
    "position" : {
      "x" : -11.09017,
      "y" : 17.944271,
      "z" : 29.034441
    },
    "orientation" : 16
  }, {
    "shape" : "5cd5811e-a3e3-4b30-9de9-51ef3e5c4dc4",
    "color" : "#007695",
    "position" : {
      "x" : 8.472136,
      "y" : -13.708204,
      "z" : 0.0
    },
    "orientation" : 55
  }, {
    "shape" : "f755d854-5a97-4737-afae-c05a2e6dbe3e",
    "color" : "#0099CC",
    "position" : {
      "x" : -11.09017,
      "y" : 4.236068,
      "z" : 6.854102
    }
  }, {
    "shape" : "4ed86096-2a71-423a-8361-89fbf5cb63f9",
    "color" : "#007695",
    "position" : {
      "x" : 17.944271,
      "y" : -15.326238,
      "z" : -11.09017
    },
    "orientation" : 23
  }, {
    "shape" : "f755d854-5a97-4737-afae-c05a2e6dbe3e",
    "color" : "#0099CC",
    "position" : {
      "x" : 11.09017,
      "y" : -17.944271,
      "z" : -15.326238
    }
  }, {
    "shape" : "f755d854-5a97-4737-afae-c05a2e6dbe3e",
    "color" : "#0099CC",
    "position" : {
      "x" : 4.236068,
      "y" : 6.854102,
