{
  "polygons" : "true",
  "field" : "golden",
  "symmetry" : "icosahedral",
  "orientations" : [ [ 1.0, 0.0, 0.0, 0.0, 0.0, 1.0, 0.0, 0.0, 0.0, 0.0, 1.0, 0.0, 0.0, 0.0, 0.0, 1.0 ], [ 0.0, 0.0, 1.0, 0.0, 1.0, 0.0, 0.0, 0.0, 0.0, 1.0, 0.0, 0.0, 0.0, 0.0, 0.0, 1.0 ], [ 0.0, 1.0, 0.0, 0.0, 0.0, 0.0, 1.0, 0.0, 1.0, 0.0, 0.0, 0.0, 0.0, 0.0, 0.0, 1.0 ], [ 0.809017, 0.309017, 0.5, 0.0, 0.309017, 0.5, -0.809017, 0.0, -0.5, 0.809017, 0.309017, 0.0, 0.0, 0.0, 0.0, 1.0 ], [ -0.5, 0.809017, 0.309017, 0.0, 0.809017, 0.309017, 0.5, 0.0, 0.309017, 0.5, -0.809017, 0.0, 0.0, 0.0, 0.0, 1.0 ], [ 0.309017, 0.5, -0.809017, 0.0, -0.5, 0.809017, 0.309017, 0.0, 0.809017, 0.309017, 0.5, 0.0, 0.0, 0.0, 0.0, 1.0 ], [ 0.5, 0.809017, 0.309017, 0.0, 0.809017, -0.309017, -0.5, 0.0, -0.309017, 0.5, -0.809017, 0.0, 0.0, 0.0, 0.0, 1.0 ], [ -0.309017, 0.5, -0.809017, 0.0, 0.5, 0.809017, 0.309017, 0.0, 0.809017, -0.309017, -0.5, 0.0, 0.0, 0.0, 0.0, 1.0 ], [ 0.809017, -0.309017, -0.5, 0.0, -0.309017, 0.5, -0.809017, 0.0, 0.5, 0.809017, 0.309017, 0.0, 0.0, 0.0, 0.0, 1.0 ], [ 0.5, 0.809017, -0.309017, 0.0, 0.809017, -0.309017, 0.5, 0.0, 0.309017, -0.5, -0.809017, 0.0, 0.0, 0.0, 0.0, 1.0 ], [ 0.309017, -0.5, -0.809017, 0.0, 0.5, 0.809017, -0.309017, 0.0, 0.809017, -0.309017, 0.5, 0.0, 0.0, 0.0, 0.0, 1.0 ], [ 0.809017, -0.309017, 0.5, 0.0, 0.309017, -0.5, -0.809017, 0.0, 0.5, 0.809017, -0.309017, 0.0, 0.0, 0.0, 0.0, 1.0 ], [ 0.809017, 0.309017, -0.5, 0.0, 0.309017, 0.5, 0.809017, 0.0, 0.5, -0.809017, 0.309017, 0.0, 0.0, 0.0, 0.0, 1.0 ], [ 0.5, -0.809017, 0.309017, 0.0, 0.809017, 0.309017, -0.5, 0.0, 0.309017, 0.5, 0.809017, 0.0, 0.0, 0.0, 0.0, 1.0 ], [ 0.309017, 0.5, 0.809017, 0.0, 0.5, -0.809017, 0.309017, 0.0, 0.809017, 0.309017, -0.5, 0.0, 0.0, 0.0, 0.0, 1.0 ], [ 1.0, 0.0, 0.0, 0.0, 0.0, -1.0, 0.0, 0.0, 0.0, 0.0, -1.0, 0.0, 0.0, 0.0, 0.0, 1.0 ], [ 0.0, 0.0, 1.0, 0.0, -1.0, 0.0, 0.0, 0.0, 0.0, -1.0, 0.0, 0.0, 0.0, 0.0, 0.0, 1.0 ], [ 0.0, 1.0, 0.0, 0.0, 0.0, 0.0, -1.0, 0.0, -1.0, 0.0, 0.0, 0.0, 0.0, 0.0, 0.0, 1.0 ], [ 0.809017, 0.309017, 0.5, 0.0, -0.309017, -0.5, 0.809017, 0.0, 0.5, -0.809017, -0.309017, 0.0, 0.0, 0.0, 0.0, 1.0 ], [ -0.5, 0.809017, 0.309017, 0.0, -0.809017, -0.309017, -0.5, 0.0, -0.309017, -0.5, 0.809017, 0.0, 0.0, 0.0, 0.0, 1.0 ], [ 0.309017, 0.5, -0.809017, 0.0, 0.5, -0.809017, -0.309017, 0.0, -0.809017, -0.309017, -0.5, 0.0, 0.0, 0.0, 0.0, 1.0 ], [ 0.5, 0.809017, 0.309017, 0.0, -0.809017, 0.309017, 0.5, 0.0, 0.309017, -0.5, 0.809017, 0.0, 0.0, 0.0, 0.0, 1.0 ], [ -0.309017, 0.5, -0.809017, 0.0, -0.5, -0.809017, -0.309017, 0.0, -0.809017, 0.309017, 0.5, 0.0, 0.0, 0.0, 0.0, 1.0 ], [ 0.809017, -0.309017, -0.5, 0.0, 0.309017, -0.5, 0.809017, 0.0, -0.5, -0.809017, -0.309017, 0.0, 0.0, 0.0, 0.0, 1.0 ], [ 0.5, 0.809017, -0.309017, 0.0, -0.809017, 0.309017, -0.5, 0.0, -0.309017, 0.5, 0.809017, 0.0, 0.0, 0.0, 0.0, 1.0 ], [ 0.309017, -0.5, -0.809017, 0.0, -0.5, -0.809017, 0.309017, 0.0, -0.809017, 0.309017, -0.5, 0.0, 0.0, 0.0, 0.0, 1.0 ], [ 0.809017, -0.309017, 0.5, 0.0, -0.309017, 0.5, 0.809017, 0.0, -0.5, -0.809017, 0.309017, 0.0, 0.0, 0.0, 0.0, 1.0 ], [ 0.809017, 0.309017, -0.5, 0.0, -0.309017, -0.5, -0.809017, 0.0, -0.5, 0.809017, -0.309017, 0.0, 0.0, 0.0, 0.0, 1.0 ], [ 0.5, -0.809017, 0.309017, 0.0, -0.809017, -0.309017, 0.5, 0.0, -0.309017, -0.5, -0.809017, 0.0, 0.0, 0.0, 0.0, 1.0 ], [ 0.309017, 0.5, 0.809017, 0.0, -0.5, 0.809017, -0.309017, 0.0, -0.809017, -0.309017, 0.5, 0.0, 0.0, 0.0, 0.0, 1.0 ], [ -1.0, 0.0, 0.0, 0.0, 0.0, -1.0, 0.0, 0.0, 0.0, 0.0, 1.0, 0.0, 0.0, 0.0, 0.0, 1.0 ], [ 0.0, 0.0, -1.0, 0.0, -1.0, 0.0, 0.0, 0.0, 0.0, 1.0, 0.0, 0.0, 0.0, 0.0, 0.0, 1.0 ], [ 0.0, -1.0, 0.0, 0.0, 0.0, 0.0, -1.0, 0.0, 1.0, 0.0, 0.0, 0.0, 0.0, 0.0, 0.0, 1.0 ], [ -0.809017, -0.309017, -0.5, 0.0, -0.309017, -0.5, 0.809017, 0.0, -0.5, 0.809017, 0.309017, 0.0, 0.0, 0.0, 0.0, 1.0 ], [ 0.5, -0.809017, -0.309017, 0.0, -0.809017, -0.309017, -0.5, 0.0, 0.309017, 0.5, -0.809017, 0.0, 0.0, 0.0, 0.0, 1.0 ], [ -0.309017, -0.5, 0.809017, 0.0, 0.5, -0.809017, -0.309017, 0.0, 0.809017, 0.309017, 0.5, 0.0, 0.0, 0.0, 0.0, 1.0 ], [ -0.5, -0.809017, -0.309017, 0.0, -0.809017, 0.309017, 0.5, 0.0, -0.309017, 0.5, -0.809017, 0.0, 0.0, 0.0, 0.0, 1.0 ], [ 0.309017, -0.5, 0.809017, 0.0, -0.5, -0.809017, -0.309017, 0.0, 0.809017, -0.309017, -0.5, 0.0, 0.0, 0.0, 0.0, 1.0 ], [ -0.809017, 0.309017, 0.5, 0.0, 0.309017, -0.5, 0.809017, 0.0, 0.5, 0.809017, 0.309017, 0.0, 0.0, 0.0, 0.0, 1.0 ], [ -0.5, -0.809017, 0.309017, 0.0, -0.809017, 0.309017, -0.5, 0.0, 0.309017, -0.5, -0.809017, 0.0, 0.0, 0.0, 0.0, 1.0 ], [ -0.309017, 0.5, 0.809017, 0.0, -0.5, -0.809017, 0.309017, 0.0, 0.809017, -0.309017, 0.5, 0.0, 0.0, 0.0, 0.0, 1.0 ], [ -0.809017, 0.309017, -0.5, 0.0, -0.309017, 0.5, 0.809017, 0.0, 0.5, 0.809017, -0.309017, 0.0, 0.0, 0.0, 0.0, 1.0 ], [ -0.809017, -0.309017, 0.5, 0.0, -0.309017, -0.5, -0.809017, 0.0, 0.5, -0.809017, 0.309017, 0.0, 0.0, 0.0, 0.0, 1.0 ], [ -0.5, 0.809017, -0.309017, 0.0, -0.809017, -0.309017, 0.5, 0.0, 0.309017, 0.5, 0.809017, 0.0, 0.0, 0.0, 0.0, 1.0 ], [ -0.309017, -0.5, -0.809017, 0.0, -0.5, 0.809017, -0.309017, 0.0, 0.809017, 0.309017, -0.5, 0.0, 0.0, 0.0, 0.0, 1.0 ], [ -1.0, 0.0, 0.0, 0.0, 0.0, 1.0, 0.0, 0.0, 0.0, 0.0, -1.0, 0.0, 0.0, 0.0, 0.0, 1.0 ], [ 0.0, 0.0, -1.0, 0.0, 1.0, 0.0, 0.0, 0.0, 0.0, -1.0, 0.0, 0.0, 0.0, 0.0, 0.0, 1.0 ], [ 0.0, -1.0, 0.0, 0.0, 0.0, 0.0, 1.0, 0.0, -1.0, 0.0, 0.0, 0.0, 0.0, 0.0, 0.0, 1.0 ], [ -0.809017, -0.309017, -0.5, 0.0, 0.309017, 0.5, -0.809017, 0.0, 0.5, -0.809017, -0.309017, 0.0, 0.0, 0.0, 0.0, 1.0 ], [ 0.5, -0.809017, -0.309017, 0.0, 0.809017, 0.309017, 0.5, 0.0, -0.309017, -0.5, 0.809017, 0.0, 0.0, 0.0, 0.0, 1.0 ], [ -0.309017, -0.5, 0.809017, 0.0, -0.5, 0.809017, 0.309017, 0.0, -0.809017, -0.309017, -0.5, 0.0, 0.0, 0.0, 0.0, 1.0 ], [ -0.5, -0.809017, -0.309017, 0.0, 0.809017, -0.309017, -0.5, 0.0, 0.309017, -0.5, 0.809017, 0.0, 0.0, 0.0, 0.0, 1.0 ], [ 0.309017, -0.5, 0.809017, 0.0, 0.5, 0.809017, 0.309017, 0.0, -0.809017, 0.309017, 0.5, 0.0, 0.0, 0.0, 0.0, 1.0 ], [ -0.809017, 0.309017, 0.5, 0.0, -0.309017, 0.5, -0.809017, 0.0, -0.5, -0.809017, -0.309017, 0.0, 0.0, 0.0, 0.0, 1.0 ], [ -0.5, -0.809017, 0.309017, 0.0, 0.809017, -0.309017, 0.5, 0.0, -0.309017, 0.5, 0.809017, 0.0, 0.0, 0.0, 0.0, 1.0 ], [ -0.309017, 0.5, 0.809017, 0.0, 0.5, 0.809017, -0.309017, 0.0, -0.809017, 0.309017, -0.5, 0.0, 0.0, 0.0, 0.0, 1.0 ], [ -0.809017, 0.309017, -0.5, 0.0, 0.309017, -0.5, -0.809017, 0.0, -0.5, -0.809017, 0.309017, 0.0, 0.0, 0.0, 0.0, 1.0 ], [ -0.809017, -0.309017, 0.5, 0.0, 0.309017, 0.5, 0.809017, 0.0, -0.5, 0.809017, -0.309017, 0.0, 0.0, 0.0, 0.0, 1.0 ], [ -0.5, 0.809017, -0.309017, 0.0, 0.809017, 0.309017, -0.5, 0.0, -0.309017, -0.5, -0.809017, 0.0, 0.0, 0.0, 0.0, 1.0 ], [ -0.309017, -0.5, -0.809017, 0.0, 0.5, -0.809017, 0.309017, 0.0, -0.809017, -0.309017, 0.5, 0.0, 0.0, 0.0, 0.0, 1.0 ] ],
  "lights" : {
    "directionalLights" : [ {
      "direction" : [ 1.0, -1.0, -1.0 ],
      "color" : "#EBEBE4"
    }, {
      "direction" : [ -1.0, 0.0, 0.0 ],
      "color" : "#E4E4EB"
    }, {
      "direction" : [ 0.0, 0.0, -1.0 ],
      "color" : "#1E1E1E"
    } ],
    "ambientColor" : "#292929",
    "backgroundColor" : "#AFC8DC"
  },
  "camera" : {
    "position" : {
      "x" : -97.47279,
      "y" : -97.47279,
      "z" : 97.47279
    },
    "lookAtPoint" : {
      "x" : 0.0,
      "y" : 0.0,
      "z" : 0.0
    },
    "upDirection" : {
      "x" : 0.309017,
      "y" : 0.50000006,
      "z" : 0.809017
    },
    "stereo" : false,
    "perspective" : false,
    "fieldOfView" : 0.4426291,
    "width" : 75.972565,
    "nearClipDistance" : 0.42206967,
    "farClipDistance" : 337.65524,
    "lookAtPointRV" : {
      "x" : 0.0,
      "y" : 0.0,
      "z" : 0.0,
      "zero" : true
    },
    "viewDistance" : 168.82784,
    "lookDirectionRV" : {
      "x" : 0.57735026,
      "y" : 0.57735026,
      "z" : -0.57735026,
      "zero" : false
    },
    "upDirectionRV" : {
      "x" : 0.309017,
      "y" : 0.50000006,
      "z" : 0.809017,
      "zero" : false
    },
    "lookDirection" : {
      "x" : 0.57735026,
      "y" : 0.57735026,
      "z" : -0.57735026
    }
  },
  "embedding" : [ 1.0, 0.0, 0.0, 0.0, 0.0, 1.0, 0.0, 0.0, 0.0, 0.0, 1.0, 0.0, 0.0, 0.0, 0.0, 1.0 ],
  "shapes" : [ {
    "id" : "ddc26dfd-345a-4451-aeaa-d1a7871d4142",
    "orbit" : "green",
    "orbitC" : "[[2,-1,1],[5,-3,1]]",
    "length" : "[1,2,4]",
    "name" : " :1/4 +1/2*phi",
    "vertices" : [ {
      "x" : 10.031153,
      "y" : 3.6405764,
      "z" : -1.5815595
    }, {
      "x" : 11.053696,
      "y" : 3.677051,
      "z" : -1.7135255
    }, {
      "x" : 10.031153,
      "y" : 3.6405764,
      "z" : -1.1995934
    }, {
      "x" : 9.84017,
      "y" : 3.9495935,
      "z" : -1.6995934
    }, {
      "x" : 9.84017,
      "y" : 3.9495935,
      "z" : -1.3176274
    }, {
      "x" : 0.809017,
      "y" : 0.618034,
      "z" : 0.309017
    }, {
      "x" : 1.0,
      "y" : 0.309017,
      "z" : 0.19098301
    }, {
      "x" : 1.9045085,
      "y" : 0.5364745,
      "z" : -0.013932022
    }, {
      "x" : 10.7446785,
      "y" : 4.177051,
      "z" : -1.9045085
    }, {
      "x" : 10.935661,
      "y" : 3.868034,
      "z" : -2.0225425
    }, {
      "x" : 10.935661,
      "y" : 3.868034,
      "z" : -1.4045085
    }, {
      "x" : 10.7446785,
      "y" : 4.177051,
      "z" : -1.5225425
    }, {
      "x" : 1.7135255,
      "y" : 0.8454915,
      "z" : -0.13196601
    }, {
      "x" : 0.690983,
      "y" : 0.809017,
      "z" : 0.0
    }, {
      "x" : 1.9045085,
      "y" : 0.5364745,
      "z" : -0.39589804
    }, {
      "x" : 1.7135255,
      "y" : 0.8454915,
      "z" : -0.51393205
    }, {
      "x" : 0.809017,
      "y" : 0.618034,
      "z" : -0.309017
    }, {
      "x" : 1.0,
      "y" : 0.309017,
      "z" : -0.19098301
    }, {
      "x" : 11.7446785,
      "y" : 4.486068,
      "z" : -1.7135255
    } ],
    "faces" : [ {
      "vertices" : [ 0, 14, 15, 3 ]
    }, {
      "vertices" : [ 3, 15, 12, 4 ]
    }, {
      "vertices" : [ 0, 1, 2 ]
    }, {
      "vertices" : [ 12, 15, 13 ]
    }, {
      "vertices" : [ 0, 9, 1 ]
    }, {
      "vertices" : [ 0, 3, 9 ]
    }, {
      "vertices" : [ 13, 15, 16 ]
    }, {
      "vertices" : [ 6, 17, 14, 7 ]
    }, {
      "vertices" : [ 1, 10, 2 ]
    }, {
      "vertices" : [ 5, 6, 7 ]
    }, {
      "vertices" : [ 3, 8, 9 ]
    }, {
      "vertices" : [ 0, 2, 7, 14 ]
    }, {
      "vertices" : [ 5, 7, 12 ]
    }, {
      "vertices" : [ 2, 4, 12, 7 ]
    }, {
      "vertices" : [ 3, 4, 11, 8 ]
    }, {
      "vertices" : [ 2, 10, 11, 4 ]
    }, {
      "vertices" : [ 5, 12, 13 ]
    }, {
      "vertices" : [ 14, 17, 16, 15 ]
    } ]
  }, {
    "id" : "7af2d9d2-102c-48ae-b3fe-b639a62d0086",
    "name" : "ball",
    "vertices" : [ {
      "x" : 0.309017,
      "y" : -0.809017,
      "z" : 0.618034
    }, {
      "x" : 0.809017,
      "y" : -0.618034,
      "z" : 0.309017
    }, {
      "x" : 0.618034,
      "y" : -0.309017,
      "z" : 0.809017
    }, {
      "x" : 1.0,
      "y" : 0.309017,
      "z" : 0.19098301
    }, {
      "x" : 0.809017,
      "y" : 0.618034,
      "z" : 0.309017
    }, {
      "x" : 0.618034,
      "y" : 0.309017,
      "z" : 0.809017
    }, {
      "x" : 0.809017,
      "y" : 0.0,
      "z" : 0.690983
    }, {
      "x" : 0.19098301,
      "y" : -1.0,
      "z" : 0.309017
    }, {
      "x" : -0.19098301,
      "y" : -1.0,
      "z" : 0.309017
    }, {
      "x" : -0.19098301,
      "y" : -1.0,
      "z" : -0.309017
    }, {
      "x" : 0.19098301,
      "y" : -1.0,
      "z" : -0.309017
    }, {
      "x" : 1.0,
      "y" : -0.309017,
      "z" : -0.19098301
    }, {
      "x" : 0.809017,
      "y" : -0.618034,
      "z" : -0.309017
    }, {
      "x" : 0.618034,
      "y" : -0.309017,
      "z" : -0.809017
    }, {
      "x" : 0.809017,
      "y" : 0.0,
      "z" : -0.690983
    }, {
      "x" : 0.0,
      "y" : 0.690983,
      "z" : -0.809017
    }, {
      "x" : 0.309017,
      "y" : 0.809017,
      "z" : -0.618034
    }, {
      "x" : 0.618034,
      "y" : 0.309017,
      "z" : -0.809017
    }, {
      "x" : 0.309017,
      "y" : 0.19098301,
      "z" : -1.0
    }, {
      "x" : 1.0,
      "y" : 0.309017,
      "z" : -0.19098301
    }, {
      "x" : -0.309017,
      "y" : -0.809017,
      "z" : 0.618034
    }, {
      "x" : 0.0,
      "y" : -0.690983,
      "z" : 0.809017
    }, {
      "x" : 0.809017,
      "y" : 0.618034,
      "z" : -0.309017
    }, {
      "x" : 0.690983,
      "y" : 0.809017,
      "z" : 0.0
    }, {
      "x" : -0.690983,
      "y" : 0.809017,
      "z" : 0.0
    }, {
      "x" : -0.809017,
      "y" : 0.618034,
      "z" : 0.309017
    }, {
      "x" : -0.309017,
      "y" : 0.809017,
      "z" : 0.618034
    }, {
      "x" : -0.19098301,
      "y" : 1.0,
      "z" : 0.309017
    }, {
      "x" : 0.309017,
      "y" : -0.19098301,
      "z" : -1.0
    }, {
      "x" : 0.19098301,
      "y" : 1.0,
      "z" : 0.309017
    }, {
      "x" : 0.309017,
      "y" : 0.809017,
      "z" : 0.618034
    }, {
      "x" : -0.809017,
      "y" : -0.618034,
      "z" : 0.309017
    }, {
      "x" : -0.690983,
      "y" : -0.809017,
      "z" : 0.0
    }, {
      "x" : 0.0,
      "y" : 0.690983,
      "z" : 0.809017
    }, {
      "x" : 0.309017,
      "y" : -0.809017,
      "z" : -0.618034
    }, {
      "x" : 0.0,
      "y" : -0.690983,
      "z" : -0.809017
    }, {
      "x" : -1.0,
      "y" : 0.309017,
      "z" : 0.19098301
    }, {
      "x" : -0.809017,
      "y" : 0.0,
      "z" : 0.690983
    }, {
      "x" : -0.618034,
      "y" : 0.309017,
      "z" : 0.809017
    }, {
      "x" : 1.0,
      "y" : -0.309017,
      "z" : 0.19098301
    }, {
      "x" : -0.309017,
      "y" : -0.809017,
      "z" : -0.618034
    }, {
      "x" : -1.0,
      "y" : 0.309017,
      "z" : -0.19098301
    }, {
      "x" : -1.0,
      "y" : -0.309017,
      "z" : -0.19098301
    }, {
      "x" : -1.0,
      "y" : -0.309017,
      "z" : 0.19098301
    }, {
      "x" : 0.19098301,
      "y" : 1.0,
      "z" : -0.309017
    }, {
      "x" : -0.809017,
      "y" : 0.618034,
      "z" : -0.309017
    }, {
      "x" : -0.19098301,
      "y" : 1.0,
      "z" : -0.309017
    }, {
      "x" : -0.309017,
      "y" : 0.809017,
      "z" : -0.618034
    }, {
      "x" : -0.618034,
      "y" : -0.309017,
      "z" : 0.809017
    }, {
      "x" : 0.309017,
      "y" : 0.19098301,
      "z" : 1.0
    }, {
      "x" : -0.309017,
      "y" : 0.19098301,
      "z" : -1.0
    }, {
      "x" : -0.309017,
      "y" : 0.19098301,
      "z" : 1.0
    }, {
      "x" : -0.309017,
      "y" : -0.19098301,
      "z" : 1.0
    }, {
      "x" : 0.309017,
      "y" : -0.19098301,
      "z" : 1.0
    }, {
      "x" : 0.690983,
      "y" : -0.809017,
      "z" : 0.0
    }, {
      "x" : -0.809017,
      "y" : 0.0,
      "z" : -0.690983
    }, {
      "x" : -0.618034,
      "y" : -0.309017,
      "z" : -0.809017
    }, {
      "x" : -0.309017,
      "y" : -0.19098301,
      "z" : -1.0
    }, {
      "x" : -0.618034,
      "y" : 0.309017,
      "z" : -0.809017
    }, {
      "x" : -0.809017,
      "y" : -0.618034,
      "z" : -0.309017
    } ],
    "faces" : [ {
      "vertices" : [ 9, 40, 35, 34, 10 ]
    }, {
      "vertices" : [ 0, 1, 2 ]
    }, {
      "vertices" : [ 33, 51, 49 ]
    }, {
      "vertices" : [ 25, 36, 37, 38 ]
    }, {
      "vertices" : [ 41, 55, 42 ]
    }, {
      "vertices" : [ 9, 32, 59, 40 ]
    }, {
      "vertices" : [ 20, 21, 52, 48 ]
    }, {
      "vertices" : [ 26, 33, 30, 29, 27 ]
    }, {
      "vertices" : [ 3, 4, 5, 6 ]
    }, {
      "vertices" : [ 27, 29, 44, 46 ]
    }, {
      "vertices" : [ 50, 57, 56, 55, 58 ]
    }, {
      "vertices" : [ 26, 38, 51, 33 ]
    }, {
      "vertices" : [ 45, 47, 58 ]
    }, {
      "vertices" : [ 18, 28, 57, 50 ]
    }, {
      "vertices" : [ 40, 59, 56 ]
    }, {
      "vertices" : [ 31, 48, 37, 43 ]
    }, {
      "vertices" : [ 7, 8, 9, 10 ]
    }, {
      "vertices" : [ 36, 41, 42, 43 ]
    }, {
      "vertices" : [ 24, 46, 47, 45 ]
    }, {
      "vertices" : [ 4, 30, 5 ]
    }, {
      "vertices" : [ 15, 47, 46, 44, 16 ]
    }, {
      "vertices" : [ 15, 50, 58, 47 ]
    }, {
      "vertices" : [ 24, 45, 41, 36, 25 ]
    }, {
      "vertices" : [ 11, 14, 19 ]
    }, {
      "vertices" : [ 3, 6, 39 ]
    }, {
      "vertices" : [ 1, 39, 6, 2 ]
    }, {
      "vertices" : [ 8, 32, 9 ]
    }, {
      "vertices" : [ 11, 12, 13, 14 ]
    }, {
      "vertices" : [ 16, 22, 17 ]
    }, {
      "vertices" : [ 0, 21, 20, 8, 7 ]
    }, {
      "vertices" : [ 12, 34, 13 ]
    }, {
      "vertices" : [ 35, 40, 56, 57 ]
    }, {
      "vertices" : [ 0, 7, 54, 1 ]
    }, {
      "vertices" : [ 15, 16, 17, 18 ]
    }, {
      "vertices" : [ 3, 19, 22, 23, 4 ]
    }, {
      "vertices" : [ 7, 10, 54 ]
    }, {
      "vertices" : [ 41, 45, 58, 55 ]
    }, {
      "vertices" : [ 3, 39, 11, 19 ]
    }, {
      "vertices" : [ 14, 17, 22, 19 ]
    }, {
      "vertices" : [ 0, 2, 53, 21 ]
    }, {
      "vertices" : [ 49, 51, 52, 53 ]
    }, {
      "vertices" : [ 31, 43, 42, 59, 32 ]
    }, {
      "vertices" : [ 15, 18, 50 ]
    }, {
      "vertices" : [ 42, 55, 56, 59 ]
    }, {
      "vertices" : [ 4, 23, 29, 30 ]
    }, {
      "vertices" : [ 25, 38, 26 ]
    }, {
      "vertices" : [ 13, 28, 18, 17, 14 ]
    }, {
      "vertices" : [ 8, 20, 31, 32 ]
    }, {
      "vertices" : [ 23, 44, 29 ]
    }, {
      "vertices" : [ 24, 27, 46 ]
    }, {
      "vertices" : [ 37, 48, 52, 51, 38 ]
    }, {
      "vertices" : [ 20, 48, 31 ]
    }, {
      "vertices" : [ 24, 25, 26, 27 ]
    }, {
      "vertices" : [ 16, 44, 23, 22 ]
    }, {
      "vertices" : [ 13, 34, 35, 28 ]
    }, {
      "vertices" : [ 10, 34, 12, 54 ]
    }, {
      "vertices" : [ 2, 6, 5, 49, 53 ]
    }, {
      "vertices" : [ 36, 43, 37 ]
    }, {
      "vertices" : [ 5, 30, 33, 49 ]
    }, {
      "vertices" : [ 1, 54, 12, 11, 39 ]
    }, {
      "vertices" : [ 28, 35, 57 ]
    }, {
      "vertices" : [ 21, 53, 52 ]
    } ]
  }, {
    "id" : "6939d50f-01c3-40fa-9762-1628e1c766b0",
    "orbit" : "blue",
    "orbitC" : "[[0,0,1],[0,0,1]]",
    "length" : "[1,2,2]",
    "name" : " :1/2 +phi",
    "vertices" : [ {
      "x" : 16.944271,
      "y" : 0.309017,
      "z" : 0.19098301
    }, {
      "x" : 16.944271,
      "y" : 0.309017,
      "z" : -0.19098301
    }, {
      "x" : 1.0,
      "y" : 0.309017,
      "z" : -0.19098301
    }, {
      "x" : 1.0,
      "y" : 0.309017,
      "z" : 0.19098301
    }, {
      "x" : 16.944271,
      "y" : -0.309017,
      "z" : 0.19098301
    }, {
      "x" : 1.0,
      "y" : -0.309017,
      "z" : 0.19098301
    }, {
      "x" : 1.0,
      "y" : -0.309017,
      "z" : -0.19098301
    }, {
      "x" : 16.944271,
      "y" : -0.309017,
      "z" : -0.19098301
    }, {
      "x" : 17.944271,
      "y" : 0.0,
      "z" : 0.0
    } ],
    "faces" : [ {
      "vertices" : [ 1, 7, 6, 2 ]
    }, {
      "vertices" : [ 0, 1, 2, 3 ]
    }, {
      "vertices" : [ 4, 5, 6, 7 ]
    }, {
      "vertices" : [ 0, 3, 5, 4 ]
    } ]
  }, {
    "id" : "d32a2b09-439b-4be6-9370-679bbe28dc7b",
    "orbit" : "blue",
    "orbitC" : "[[0,0,1],[0,0,1]]",
    "length" : "[1,2,4]",
    "name" : " :1/4 +1/2*phi",
    "vertices" : [ {
      "x" : 7.972136,
      "y" : 0.309017,
      "z" : 0.19098301
    }, {
      "x" : 7.972136,
      "y" : 0.309017,
      "z" : -0.19098301
    }, {
      "x" : 1.0,
      "y" : 0.309017,
      "z" : -0.19098301
    }, {
      "x" : 1.0,
      "y" : 0.309017,
      "z" : 0.19098301
    }, {
      "x" : 7.972136,
      "y" : -0.309017,
      "z" : 0.19098301
    }, {
      "x" : 1.0,
      "y" : -0.309017,
      "z" : 0.19098301
    }, {
      "x" : 1.0,
      "y" : -0.309017,
      "z" : -0.19098301
    }, {
      "x" : 7.972136,
      "y" : -0.309017,
      "z" : -0.19098301
    }, {
      "x" : 8.972136,
      "y" : 0.0,
      "z" : 0.0
    } ],
    "faces" : [ {
      "vertices" : [ 1, 7, 6, 2 ]
    }, {
      "vertices" : [ 0, 1, 2, 3 ]
    }, {
      "vertices" : [ 4, 5, 6, 7 ]
    }, {
      "vertices" : [ 0, 3, 5, 4 ]
    } ]
  }, {
    "id" : "3a734da1-3fef-4000-96c9-fd5121d768d5",
    "orbit" : "yellow",
    "orbitC" : "[[0,0,1],[2,-1,1]]",
    "length" : "[1,2,2]",
    "name" : " :1/2 +phi",
    "vertices" : [ {
      "x" : 0.809017,
      "y" : 0.0,
      "z" : -0.690983
    }, {
      "x" : 1.0,
      "y" : 0.309017,
      "z" : -0.19098301
    }, {
      "x" : 6.4495935,
      "y" : 0.309017,
      "z" : -2.2725425
    }, {
      "x" : 6.2586102,
      "y" : 0.0,
      "z" : -2.7725425
    }, {
      "x" : 13.5172205,
      "y" : 0.309017,
      "z" : -5.354102
    }, {
      "x" : 1.0,
      "y" : -0.309017,
      "z" : -0.19098301
    }, {
      "x" : 6.4495935,
      "y" : -0.309017,
      "z" : -2.2725425
    }, {
      "x" : 8.067628,
      "y" : 0.309017,
      "z" : -3.2725425
    }, {
      "x" : 8.258611,
      "y" : 0.0,
      "z" : -2.7725425
    }, {
      "x" : 14.5172205,
      "y" : 0.0,
      "z" : -5.545085
    }, {
      "x" : 8.067628,
      "y" : -0.309017,
      "z" : -3.2725425
    }, {
      "x" : 13.708204,
      "y" : 0.0,
      "z" : -4.854102
    }, {
      "x" : 13.5172205,
      "y" : -0.309017,
      "z" : -5.354102
    } ],
    "faces" : [ {
      "vertices" : [ 2, 6, 8 ]
    }, {
      "vertices" : [ 4, 12, 10, 7 ]
    }, {
      "vertices" : [ 2, 8, 7 ]
    }, {
      "vertices" : [ 3, 10, 6 ]
    }, {
      "vertices" : [ 3, 7, 10 ]
    }, {
      "vertices" : [ 0, 1, 2, 3 ]
    }, {
      "vertices" : [ 6, 10, 8 ]
    }, {
      "vertices" : [ 8, 10, 12, 11 ]
    }, {
      "vertices" : [ 2, 7, 3 ]
    }, {
      "vertices" : [ 0, 3, 6, 5 ]
    }, {
      "vertices" : [ 1, 5, 6, 2 ]
    }, {
      "vertices" : [ 4, 7, 8, 11 ]
    } ]
  } ],
  "instances" : [ {
    "shape" : "ddc26dfd-345a-4451-aeaa-d1a7871d4142",
    "color" : "#00993F",
    "position" : {
      "x" : 0.0,
      "y" : -8.972136,
      "z" : 0.0
    },
    "orientation" : 8
  }, {
    "shape" : "7af2d9d2-102c-48ae-b3fe-b639a62d0086",
    "color" : "#F2F2F2",
    "position" : {
      "x" : 0.0,
      "y" : 0.0,
      "z" : 17.944271
    }
  }, {
    "shape" : "ddc26dfd-345a-4451-aeaa-d1a7871d4142",
    "color" : "#00993F",
    "position" : {
      "x" : 0.0,
      "y" : 0.0,
      "z" : 17.944271
    },
    "orientation" : 52
  }, {
    "shape" : "ddc26dfd-345a-4451-aeaa-d1a7871d4142",
    "color" : "#00993F",
    "position" : {
      "x" : 0.0,
      "y" : 0.0,
      "z" : -8.972136
    },
    "orientation" : 21
  }, {
    "shape" : "7af2d9d2-102c-48ae-b3fe-b639a62d0086",
    "color" : "#00CC00",
    "position" : {
      "x" : -8.972136,
      "y" : 0.0,
      "z" : 0.0
    }
  }, {
    "shape" : "6939d50f-01c3-40fa-9762-1628e1c766b0",
    "color" : "#008EC2",
    "position" : {
      "x" : 0.0,
      "y" : 0.0,
      "z" : 0.0
    },
    "orientation" : 16
  }, {
    "shape" : "ddc26dfd-345a-4451-aeaa-d1a7871d4142",
    "color" : "#00993F",
    "position" : {
      "x" : 0.0,
      "y" : -8.972136,
      "z" : 8.972136
    },
    "orientation" : 22
  }, {
    "shape" : "ddc26dfd-345a-4451-aeaa-d1a7871d4142",
    "color" : "#00993F",
    "position" : {
      "x" : 0.0,
      "y" : 0.0,
      "z" : -17.944271
    },
    "orientation" : 7
  }, {
    "shape" : "d32a2b09-439b-4be6-9370-679bbe28dc7b",
    "color" : "#008EC2",
    "position" : {
      "x" : 8.972136,
      "y" : 0.0,
      "z" : 8.972136
    },
    "orientation" : 16
  }, {
    "shape" : "3a734da1-3fef-4000-96c9-fd5121d768d5",
    "color" : "#FFB31A",
    "position" : {
      "x" : -17.944271,
      "y" : 0.0,
      "z" : 0.0
    },
    "orientation" : 5
  }, {
    "shape" : "ddc26dfd-345a-4451-aeaa-d1a7871d4142",
    "color" : "#00993F",
    "position" : {
      "x" : -8.972136,
      "y" : 0.0,
      "z" : 8.972136
    },
    "orientation" : 8
  }, {
    "shape" : "7af2d9d2-102c-48ae-b3fe-b639a62d0086",
    "color" : "#F2F2F2",
    "position" : {
      "x" : 8.972136,
      "y" : 8.972136,
      "z" : -8.972136
    }
  }, {
    "shape" : "d32a2b09-439b-4be6-9370-679bbe28dc7b",
    "color" : "#008EC2",
    "position" : {
      "x" : 8.972136,
      "y" : 0.0,
      "z" : -8.972136
    },
    "orientation" : 1
  }, {
    "shape" : "d32a2b09-439b-4be6-9370-679bbe28dc7b",
    "color" : "#008EC2",
    "position" : {
      "x" : -8.972136,
      "y" : 0.0,
      "z" : -8.972136
    },
    "orientation" : 16
  }, {
    "shape" : "ddc26dfd-345a-4451-aeaa-d1a7871d4142",
    "color" : "#00993F",
    "position" : {
      "x" : 0.0,
      "y" : 0.0,
      "z" : -8.972136
    },
    "orientation" : 51
  }, {
    "shape" : "7af2d9d2-102c-48ae-b3fe-b639a62d0086",
    "color" : "#F2F2F2",
    "position" : {
      "x" : 0.0,
      "y" : 17.944271,
      "z" : 0.0
    }
  }, {
    "shape" : "ddc26dfd-345a-4451-aeaa-d1a7871d4142",
    "color" : "#00993F",
    "position" : {
      "x" : 8.972136,
      "y" : -8.972136,
      "z" : 0.0
    },
    "orientation" : 6
  }, {
    "shape" : "ddc26dfd-345a-4451-aeaa-d1a7871d4142",
    "color" : "#00993F",
    "position" : {
      "x" : 0.0,
      "y" : 17.944271,
      "z" : 0.0
    },
    "orientation" : 36
  }, {
    "shape" : "ddc26dfd-345a-4451-aeaa-d1a7871d4142",
    "color" : "#00993F",
    "position" : {
      "x" : 0.0,
      "y" : 8.972136,
      "z" : 0.0
    },
    "orientation" : 23
  }, {
    "shape" : "3a734da1-3fef-4000-96c9-fd5121d768d5",
    "color" : "#FFB31A",
    "position" : {
      "x" : 0.0,
      "y" : 0.0,
      "z" : -17.944271
    },
    "orientation" : 39
  }, {
    "shape" : "3a734da1-3fef-4000-96c9-fd5121d768d5",
    "color" : "#FFB31A",
    "position" : {
      "x" : -17.944271,
      "y" : 0.0,
      "z" : 0.0
    },
    "orientation" : 3
  }, {
    "shape" : "ddc26dfd-345a-4451-aeaa-d1a7871d4142",
    "color" : "#00993F",
    "position" : {
      "x" : 0.0,
      "y" : 0.0,
      "z" : 8.972136
    },
    "orientation" : 6
  }, {
    "shape" : "7af2d9d2-102c-48ae-b3fe-b639a62d0086",
    "color" : "#F2F2F2",
    "position" : {
      "x" : 8.972136,
      "y" : 8.972136,
      "z" : 8.972136
    }
  }, {
    "shape" : "ddc26dfd-345a-4451-aeaa-d1a7871d4142",
    "color" : "#00993F",
    "position" : {
      "x" : -8.972136,
      "y" : 0.0,
      "z" : 0.0
    },
    "orientation" : 52
  }, {
    "shape" : "ddc26dfd-345a-4451-aeaa-d1a7871d4142",
    "color" : "#00993F",
    "position" : {
      "x" : 0.0,
      "y" : 8.972136,
      "z" : 8.972136
    },
    "orientation" : 52
  }, {
    "shape" : "ddc26dfd-345a-4451-aeaa-d1a7871d4142",
    "color" : "#00993F",
    "position" : {
      "x" : 0.0,
      "y" : 0.0,
      "z" : 8.972136
    },
    "orientation" : 51
  }, {
    "shape" : "3a734da1-3fef-4000-96c9-fd5121d768d5",
    "color" : "#FFB31A",
    "position" : {
      "x" : 0.0,
      "y" : 17.944271,
      "z" : 0.0
    },
    "orientation" : 19
  }, {
    "shape" : "7af2d9d2-102c-48ae-b3fe-b639a62d0086",
    "color" : "#F2F2F2",
    "position" : {
      "x" : 8.972136,
      "y" : -8.972136,
      "z" : 8.972136
    }
  }, {
    "shape" : "7af2d9d2-102c-48ae-b3fe-b639a62d0086",
    "color" : "#00CC00",
    "position" : {
      "x" : 0.0,
      "y" : 8.972136,
      "z" : -8.972136
    }
  }, {
    "shape" : "3a734da1-3fef-4000-96c9-fd5121d768d5",
    "color" : "#FFB31A",
    "position" : {
      "x" : 0.0,
      "y" : 0.0,
      "z" : -17.944271
    },
    "orientation" : 4
  }, {
    "shape" : "d32a2b09-439b-4be6-9370-679bbe28dc7b",
    "color" : "#008EC2",
    "position" : {
      "x" : 0.0,
      "y" : 8.972136,
      "z" : 8.972136
    },
    "orientation" : 45
  }, {
    "shape" : "ddc26dfd-345a-4451-aeaa-d1a7871d4142",
    "color" : "#00993F",
    "position" : {
      "x" : -8.972136,
      "y" : 0.0,
      "z" : 0.0
    },
    "orientation" : 22
  }, {
    "shape" : "d32a2b09-439b-4be6-9370-679bbe28dc7b",
    "color" : "#008EC2",
    "position" : {
      "x" : 8.972136,
      "y" : 8.972136,
      "z" : 8.972136
    },
    "orientation" : 16
  }, {
    "shape" : "ddc26dfd-345a-4451-aeaa-d1a7871d4142",
    "color" : "#00993F",
    "position" : {
      "x" : 0.0,
      "y" : 8.972136,
      "z" : -8.972136
    },
    "orientation" : 7
  }, {
    "shape" : "ddc26dfd-345a-4451-aeaa-d1a7871d4142",
    "color" : "#00993F",
    "position" : {
      "x" : 0.0,
      "y" : 0.0,
      "z" : 8.972136
    },
    "orientation" : 36
  }, {
    "shape" : "7af2d9d2-102c-48ae-b3fe-b639a62d0086",
    "color" : "#00CC00",
    "position" : {
      "x" : 8.972136,
      "y" : 0.0,
      "z" : 0.0
    }
  }, {
    "shape" : "3a734da1-3fef-4000-96c9-fd5121d768d5",
    "color" : "#FFB31A",
    "position" : {
      "x" : 17.944271,
      "y" : 0.0,
      "z" : 0.0
    },
    "orientation" : 39
  }, {
    "shape" : "3a734da1-3fef-4000-96c9-fd5121d768d5",
    "color" : "#FFB31A",
    "position" : {
      "x" : 0.0,
      "y" : 0.0,
      "z" : 17.944271
    },
    "orientation" : 19
  }, {
    "shape" : "ddc26dfd-345a-4451-aeaa-d1a7871d4142",
    "color" : "#00993F",
    "position" : {
      "x" : 0.0,
      "y" : -17.944271,
      "z" : 0.0
    },
    "orientation" : 6
  }, {
    "shape" : "3a734da1-3fef-4000-96c9-fd5121d768d5",
    "color" : "#FFB31A",
    "position" : {
      "x" : 0.0,
      "y" : -17.944271,
      "z" : 0.0
    },
    "orientation" : 54
  }, {
    "shape" : "d32a2b09-439b-4be6-9370-679bbe28dc7b",
    "color" : "#008EC2",
    "position" : {
      "x" : 0.0,
      "y" : 0.0,
      "z" : 0.0
    },
    "orientation" : 45
  }, {
    "shape" : "7af2d9d2-102c-48ae-b3fe-b639a62d0086",
    "color" : "#00CC00",
    "position" : {
      "x" : 0.0,
      "y" : -8.972136,
      "z" : -8.972136
    }
  }, {
    "shape" : "ddc26dfd-345a-4451-aeaa-d1a7871d4142",
    "color" : "#00993F",
    "position" : {
      "x" : 0.0,
      "y" : 0.0,
      "z" : 17.944271
    },
    "orientation" : 22
  }, {
    "shape" : "7af2d9d2-102c-48ae-b3fe-b639a62d0086",
    "color" : "#F2F2F2",
    "position" : {
      "x" : 0.0,
      "y" : -17.944271,
      "z" : 0.0
    }
  }, {
    "shape" : "7af2d9d2-102c-48ae-b3fe-b639a62d0086",
    "color" : "#00CC00",
    "position" : {
      "x" : 8.972136,
      "y" : -8.972136,
      "z" : 0.0
    }
  }, {
    "shape" : "d32a2b09-439b-4be6-9370-679bbe28dc7b",
    "color" : "#008EC2",
    "position" : {
      "x" : 8.972136,
      "y" : 8.972136,
      "z" : 8.972136
    },
    "orientation" : 45
  }, {
    "shape" : "d32a2b09-439b-4be6-9370-679bbe28dc7b",
    "color" : "#008EC2",
    "position" : {
      "x" : -8.972136,
      "y" : 8.972136,
      "z" : 0.0
    },
    "orientation" : 2
  }, {
    "shape" : "7af2d9d2-102c-48ae-b3fe-b639a62d0086",
    "color" : "#F2F2F2",
    "position" : {
      "x" : -8.972136,
      "y" : 8.972136,
      "z" : 8.972136
    }
  }, {
    "shape" : "3a734da1-3fef-4000-96c9-fd5121d768d5",
    "color" : "#FFB31A",
    "position" : {
      "x" : 0.0,
      "y" : 0.0,
      "z" : -17.944271
    },
    "orientation" : 5
  }, {
    "shape" : "ddc26dfd-345a-4451-aeaa-d1a7871d4142",
    "color" : "#00993F",
    "position" : {
      "x" : 8.972136,
      "y" : 0.0,
      "z" : 0.0
    },
    "orientation" : 22
  }, {
    "shape" : "d32a2b09-439b-4be6-9370-679bbe28dc7b",
    "color" : "#008EC2",
    "position" : {
      "x" : 8.972136,
      "y" : 8.972136,
      "z" : 8.972136
    },
    "orientation" : 47
  }, {
    "shape" : "ddc26dfd-345a-4451-aeaa-d1a7871d4142",
    "color" : "#00993F",
    "position" : {
      "x" : 8.972136,
      "y" : 8.972136,
      "z" : 0.0
    },
    "orientation" : 21
  }, {
    "shape" : "d32a2b09-439b-4be6-9370-679bbe28dc7b",
    "color" : "#008EC2",
    "position" : {
      "x" : 0.0,
      "y" : 8.972136,
      "z" : -8.972136
    },
    "orientation" : 0
  }, {
    "shape" : "ddc26dfd-345a-4451-aeaa-d1a7871d4142",
    "color" : "#00993F",
    "position" : {
      "x" : 8.972136,
      "y" : 0.0,
      "z" : -8.972136
    },
    "orientation" : 53
  }, {
    "shape" : "3a734da1-3fef-4000-96c9-fd5121d768d5",
    "color" : "#FFB31A",
    "position" : {
      "x" : 0.0,
      "y" : 17.944271,
      "z" : 0.0
    },
    "orientation" : 5
  }, {
    "shape" : "ddc26dfd-345a-4451-aeaa-d1a7871d4142",
    "color" : "#00993F",
    "position" : {
      "x" : 0.0,
      "y" : -17.944271,
      "z" : 0.0
    },
    "orientation" : 51
  }, {
    "shape" : "ddc26dfd-345a-4451-aeaa-d1a7871d4142",
    "color" : "#00993F",
    "position" : {
      "x" : -8.972136,
      "y" : 0.0,
      "z" : 0.0
    },
    "orientation" : 7
  }, {
    "shape" : "ddc26dfd-345a-4451-aeaa-d1a7871d4142",
    "color" : "#00993F",
    "position" : {
      "x" : 0.0,
      "y" : 8.972136,
      "z" : 0.0
    },
    "orientation" : 8
  }, {
    "shape" : "7af2d9d2-102c-48ae-b3fe-b639a62d0086",
    "color" : "#00CC00",
    "position" : {
      "x" : 8.972136,
      "y" : 0.0,
      "z" : -8.972136
    }
  }, {
    "shape" : "7af2d9d2-102c-48ae-b3fe-b639a62d0086",
    "color" : "#00CC00",
    "position" : {
      "x" : 0.0,
      "y" : 8.972136,
      "z" : 8.972136
    }
  }, {
    "shape" : "7af2d9d2-102c-48ae-b3fe-b639a62d0086",
    "color" : "#00CC00",
    "position" : {
      "x" : 8.972136,
      "y" : 8.972136,
      "z" : 0.0
    }
  }, {
    "shape" : "d32a2b09-439b-4be6-9370-679bbe28dc7b",
    "color" : "#008EC2",
    "position" : {
      "x" : 0.0,
      "y" : -8.972136,
      "z" : -8.972136
    },
    "orientation" : 45
  }, {
    "shape" : "ddc26dfd-345a-4451-aeaa-d1a7871d4142",
    "color" : "#00993F",
    "position" : {
      "x" : 0.0,
      "y" : 8.972136,
      "z" : 0.0
    },
    "orientation" : 53
  }, {
    "shape" : "7af2d9d2-102c-48ae-b3fe-b639a62d0086",
    "color" : "#00CC00",
    "position" : {
      "x" : 0.0,
      "y" : 0.0,
      "z" : -8.972136
    }
  }, {
    "shape" : "3a734da1-3fef-4000-96c9-fd5121d768d5",
    "color" : "#FFB31A",
    "position" : {
      "x" : 0.0,
      "y" : -17.944271,
      "z" : 0.0
    },
    "orientation" : 9
  }, {
    "shape" : "ddc26dfd-345a-4451-aeaa-d1a7871d4142",
    "color" : "#00993F",
    "position" : {
      "x" : 8.972136,
      "y" : 0.0,
      "z" : 0.0
    },
    "orientation" : 7
  }, {
    "shape" : "d32a2b09-439b-4be6-9370-679bbe28dc7b",
    "color" : "#008EC2",
    "position" : {
      "x" : -8.972136,
      "y" : -8.972136,
      "z" : 8.972136
    },
    "orientation" : 0
  }, {
    "shape" : "d32a2b09-439b-4be6-9370-679bbe28dc7b",
    "color" : "#008EC2",
    "position" : {
      "x" : -8.972136,
      "y" : 8.972136,
      "z" : -8.972136
    },
    "orientation" : 16
  }, {
    "shape" : "ddc26dfd-345a-4451-aeaa-d1a7871d4142",
    "color" : "#00993F",
    "position" : {
      "x" : 0.0,
      "y" : 0.0,
      "z" : -8.972136
    },
    "orientation" : 6
  }, {
    "shape" : "3a734da1-3fef-4000-96c9-fd5121d768d5",
    "color" : "#FFB31A",
    "position" : {
      "x" : -17.944271,
      "y" : 0.0,
      "z" : 0.0
    },
    "orientation" : 9
  }, {
    "shape" : "6939d50f-01c3-40fa-9762-1628e1c766b0",
    "color" : "#008EC2",
    "position" : {
      "x" : -17.944271,
      "y" : 0.0,
      "z" : 0.0
    },
    "orientation" : 0
  }, {
    "shape" : "7af2d9d2-102c-48ae-b3fe-b639a62d0086",
    "color" : "#00CC00",
    "position" : {
      "x" : -8.972136,
      "y" : 0.0,
      "z" : -8.972136
    }
  }, {
    "shape" : "7af2d9d2-102c-48ae-b3fe-b639a62d0086",
    "color" : "#F2F2F2",
    "position" : {
      "x" : 0.0,
      "y" : 0.0,
      "z" : 0.0
    }
  }, {
    "shape" : "7af2d9d2-102c-48ae-b3fe-b639a62d0086",
    "color" : "#F2F2F2",
    "position" : {
      "x" : -17.944271,
      "y" : 0.0,
      "z" : 0.0
    }
  }, {
    "shape" : "7af2d9d2-102c-48ae-b3fe-b639a62d0086",
    "color" : "#F2F2F2",
    "position" : {
      "x" : -8.972136,
      "y" : -8.972136,
      "z" : 8.972136
    }
  }, {
    "shape" : "7af2d9d2-102c-48ae-b3fe-b639a62d0086",
    "color" : "#F2F2F2",
    "position" : {
      "x" : -8.972136,
      "y" : -8.972136,
      "z" : -8.972136
    }
  }, {
    "shape" : "ddc26dfd-345a-4451-aeaa-d1a7871d4142",
    "color" : "#00993F",
    "position" : {
      "x" : 17.944271,
      "y" : 0.0,
      "z" : 0.0
    },
    "orientation" : 53
  }, {
    "shape" : "ddc26dfd-345a-4451-aeaa-d1a7871d4142",
    "color" : "#00993F",
    "position" : {
      "x" : 0.0,
      "y" : 17.944271,
      "z" : 0.0
    },
    "orientation" : 21
  }, {
    "shape" : "3a734da1-3fef-4000-96c9-fd5121d768d5",
    "color" : "#FFB31A",
    "position" : {
      "x" : 17.944271,
      "y" : 0.0,
      "z" : 0.0
    },
    "orientation" : 19
  }, {
    "shape" : "ddc26dfd-345a-4451-aeaa-d1a7871d4142",
    "color" : "#00993F",
    "position" : {
      "x" : 8.972136,
      "y" : 0.0,
      "z" : 0.0
    },
    "orientation" : 52
  }, {
    "shape" : "7af2d9d2-102c-48ae-b3fe-b639a62d0086",
    "color" : "#00CC00",
    "position" : {
      "x" : -8.972136,
      "y" : 8.972136,
      "z" : 0.0
    }
  }, {
    "shape" : "ddc26dfd-345a-4451-aeaa-d1a7871d4142",
    "color" : "#00993F",
    "position" : {
      "x" : 0.0,
      "y" : -8.972136,
      "z" : -8.972136
    },
    "orientation" : 37
  }, {
    "shape" : "3a734da1-3fef-4000-96c9-fd5121d768d5",
    "color" : "#FFB31A",
    "position" : {
      "x" : 0.0,
      "y" : -17.944271,
      "z" : 0.0
    },
    "orientation" : 4
  }, {
    "shape" : "7af2d9d2-102c-48ae-b3fe-b639a62d0086",
    "color" : "#00CC00",
    "position" : {
      "x" : 0.0,
      "y" : -8.972136,
      "z" : 0.0
    }
  }, {
    "shape" : "d32a2b09-439b-4be6-9370-679bbe28dc7b",
    "color" : "#008EC2",
    "position" : {
      "x" : 0.0,
      "y" : 0.0,
      "z" : 0.0
    },
    "orientation" : 2
  }, {
    "shape" : "d32a2b09-439b-4be6-9370-679bbe28dc7b",
    "color" : "#008EC2",
    "position" : {
      "x" : 8.972136,
      "y" : -8.972136,
      "z" : 0.0
    },
    "orientation" : 2
  }, {
    "shape" : "7af2d9d2-102c-48ae-b3fe-b639a62d0086",
    "color" : "#F2F2F2",
    "position" : {
      "x" : 17.944271,
      "y" : 0.0,
      "z" : 0.0
    }
  }, {
    "shape" : "d32a2b09-439b-4be6-9370-679bbe28dc7b",
    "color" : "#008EC2",
    "position" : {
      "x" : -8.972136,
      "y" : 0.0,
      "z" : 8.972136
    },
    "orientation" : 1
  }, {
    "shape" : "3a734da1-3fef-4000-96c9-fd5121d768d5",
    "color" : "#FFB31A",
    "position" : {
      "x" : 0.0,
      "y" : -17.944271,
      "z" : 0.0
    },
    "orientation" : 3
  }, {
    "shape" : "3a734da1-3fef-4000-96c9-fd5121d768d5",
    "color" : "#FFB31A",
    "position" : {
      "x" : 0.0,
      "y" : 17.944271,
      "z" : 0.0
    },
    "orientation" : 24
  }, {
    "shape" : "3a734da1-3fef-4000-96c9-fd5121d768d5",
    "color" : "#FFB31A",
    "position" : {
      "x" : 17.944271,
      "y" : 0.0,
      "z" : 0.0
    },
    "orientation" : 4
  }, {
    "shape" : "ddc26dfd-345a-4451-aeaa-d1a7871d4142",
    "color" : "#00993F",
    "position" : {
      "x" : -8.972136,
      "y" : 8.972136,
      "z" : 0.0
    },
    "orientation" : 36
  }, {
    "shape" : "3a734da1-3fef-4000-96c9-fd5121d768d5",
    "color" : "#FFB31A",
    "position" : {
      "x" : 0.0,
      "y" : 0.0,
      "z" : 17.944271
    },
    "orientation" : 24
  }, {
    "shape" : "3a734da1-3fef-4000-96c9-fd5121d768d5",
    "color" : "#FFB31A",
    "position" : {
      "x" : 0.0,
      "y" : 17.944271,
      "z" : 0.0
    },
    "orientation" : 39
  }, {
    "shape" : "3a734da1-3fef-4000-96c9-fd5121d768d5",
    "color" : "#FFB31A",
    "position" : {
      "x" : 0.0,
      "y" : 0.0,
      "z" : 17.944271
    },
    "orientation" : 54
  }, {
    "shape" : "3a734da1-3fef-4000-96c9-fd5121d768d5",
    "color" : "#FFB31A",
    "position" : {
      "x" : 0.0,
      "y" : 0.0,
      "z" : -17.944271
    },
    "orientation" : 9
  }, {
    "shape" : "d32a2b09-439b-4be6-9370-679bbe28dc7b",
    "color" : "#008EC2",
    "position" : {
      "x" : 8.972136,
      "y" : -8.972136,
      "z" : -8.972136
    },
    "orientation" : 1
  }, {
