{
  "polygons" : "true",
  "field" : "golden",
  "symmetry" : "icosahedral",
  "orientations" : [ [ 1.0, 0.0, 0.0, 0.0, 0.0, 1.0, 0.0, 0.0, 0.0, 0.0, 1.0, 0.0, 0.0, 0.0, 0.0, 1.0 ], [ 0.0, 0.0, 1.0, 0.0, 1.0, 0.0, 0.0, 0.0, 0.0, 1.0, 0.0, 0.0, 0.0, 0.0, 0.0, 1.0 ], [ 0.0, 1.0, 0.0, 0.0, 0.0, 0.0, 1.0, 0.0, 1.0, 0.0, 0.0, 0.0, 0.0, 0.0, 0.0, 1.0 ], [ 0.809017, 0.309017, 0.5, 0.0, 0.309017, 0.5, -0.809017, 0.0, -0.5, 0.809017, 0.309017, 0.0, 0.0, 0.0, 0.0, 1.0 ], [ -0.5, 0.809017, 0.309017, 0.0, 0.809017, 0.309017, 0.5, 0.0, 0.309017, 0.5, -0.809017, 0.0, 0.0, 0.0, 0.0, 1.0 ], [ 0.309017, 0.5, -0.809017, 0.0, -0.5, 0.809017, 0.309017, 0.0, 0.809017, 0.309017, 0.5, 0.0, 0.0, 0.0, 0.0, 1.0 ], [ 0.5, 0.809017, 0.309017, 0.0, 0.809017, -0.309017, -0.5, 0.0, -0.309017, 0.5, -0.809017, 0.0, 0.0, 0.0, 0.0, 1.0 ], [ -0.309017, 0.5, -0.809017, 0.0, 0.5, 0.809017, 0.309017, 0.0, 0.809017, -0.309017, -0.5, 0.0, 0.0, 0.0, 0.0, 1.0 ], [ 0.809017, -0.309017, -0.5, 0.0, -0.309017, 0.5, -0.809017, 0.0, 0.5, 0.809017, 0.309017, 0.0, 0.0, 0.0, 0.0, 1.0 ], [ 0.5, 0.809017, -0.309017, 0.0, 0.809017, -0.309017, 0.5, 0.0, 0.309017, -0.5, -0.809017, 0.0, 0.0, 0.0, 0.0, 1.0 ], [ 0.309017, -0.5, -0.809017, 0.0, 0.5, 0.809017, -0.309017, 0.0, 0.809017, -0.309017, 0.5, 0.0, 0.0, 0.0, 0.0, 1.0 ], [ 0.809017, -0.309017, 0.5, 0.0, 0.309017, -0.5, -0.809017, 0.0, 0.5, 0.809017, -0.309017, 0.0, 0.0, 0.0, 0.0, 1.0 ], [ 0.809017, 0.309017, -0.5, 0.0, 0.309017, 0.5, 0.809017, 0.0, 0.5, -0.809017, 0.309017, 0.0, 0.0, 0.0, 0.0, 1.0 ], [ 0.5, -0.809017, 0.309017, 0.0, 0.809017, 0.309017, -0.5, 0.0, 0.309017, 0.5, 0.809017, 0.0, 0.0, 0.0, 0.0, 1.0 ], [ 0.309017, 0.5, 0.809017, 0.0, 0.5, -0.809017, 0.309017, 0.0, 0.809017, 0.309017, -0.5, 0.0, 0.0, 0.0, 0.0, 1.0 ], [ 1.0, 0.0, 0.0, 0.0, 0.0, -1.0, 0.0, 0.0, 0.0, 0.0, -1.0, 0.0, 0.0, 0.0, 0.0, 1.0 ], [ 0.0, 0.0, 1.0, 0.0, -1.0, 0.0, 0.0, 0.0, 0.0, -1.0, 0.0, 0.0, 0.0, 0.0, 0.0, 1.0 ], [ 0.0, 1.0, 0.0, 0.0, 0.0, 0.0, -1.0, 0.0, -1.0, 0.0, 0.0, 0.0, 0.0, 0.0, 0.0, 1.0 ], [ 0.809017, 0.309017, 0.5, 0.0, -0.309017, -0.5, 0.809017, 0.0, 0.5, -0.809017, -0.309017, 0.0, 0.0, 0.0, 0.0, 1.0 ], [ -0.5, 0.809017, 0.309017, 0.0, -0.809017, -0.309017, -0.5, 0.0, -0.309017, -0.5, 0.809017, 0.0, 0.0, 0.0, 0.0, 1.0 ], [ 0.309017, 0.5, -0.809017, 0.0, 0.5, -0.809017, -0.309017, 0.0, -0.809017, -0.309017, -0.5, 0.0, 0.0, 0.0, 0.0, 1.0 ], [ 0.5, 0.809017, 0.309017, 0.0, -0.809017, 0.309017, 0.5, 0.0, 0.309017, -0.5, 0.809017, 0.0, 0.0, 0.0, 0.0, 1.0 ], [ -0.309017, 0.5, -0.809017, 0.0, -0.5, -0.809017, -0.309017, 0.0, -0.809017, 0.309017, 0.5, 0.0, 0.0, 0.0, 0.0, 1.0 ], [ 0.809017, -0.309017, -0.5, 0.0, 0.309017, -0.5, 0.809017, 0.0, -0.5, -0.809017, -0.309017, 0.0, 0.0, 0.0, 0.0, 1.0 ], [ 0.5, 0.809017, -0.309017, 0.0, -0.809017, 0.309017, -0.5, 0.0, -0.309017, 0.5, 0.809017, 0.0, 0.0, 0.0, 0.0, 1.0 ], [ 0.309017, -0.5, -0.809017, 0.0, -0.5, -0.809017, 0.309017, 0.0, -0.809017, 0.309017, -0.5, 0.0, 0.0, 0.0, 0.0, 1.0 ], [ 0.809017, -0.309017, 0.5, 0.0, -0.309017, 0.5, 0.809017, 0.0, -0.5, -0.809017, 0.309017, 0.0, 0.0, 0.0, 0.0, 1.0 ], [ 0.809017, 0.309017, -0.5, 0.0, -0.309017, -0.5, -0.809017, 0.0, -0.5, 0.809017, -0.309017, 0.0, 0.0, 0.0, 0.0, 1.0 ], [ 0.5, -0.809017, 0.309017, 0.0, -0.809017, -0.309017, 0.5, 0.0, -0.309017, -0.5, -0.809017, 0.0, 0.0, 0.0, 0.0, 1.0 ], [ 0.309017, 0.5, 0.809017, 0.0, -0.5, 0.809017, -0.309017, 0.0, -0.809017, -0.309017, 0.5, 0.0, 0.0, 0.0, 0.0, 1.0 ], [ -1.0, 0.0, 0.0, 0.0, 0.0, -1.0, 0.0, 0.0, 0.0, 0.0, 1.0, 0.0, 0.0, 0.0, 0.0, 1.0 ], [ 0.0, 0.0, -1.0, 0.0, -1.0, 0.0, 0.0, 0.0, 0.0, 1.0, 0.0, 0.0, 0.0, 0.0, 0.0, 1.0 ], [ 0.0, -1.0, 0.0, 0.0, 0.0, 0.0, -1.0, 0.0, 1.0, 0.0, 0.0, 0.0, 0.0, 0.0, 0.0, 1.0 ], [ -0.809017, -0.309017, -0.5, 0.0, -0.309017, -0.5, 0.809017, 0.0, -0.5, 0.809017, 0.309017, 0.0, 0.0, 0.0, 0.0, 1.0 ], [ 0.5, -0.809017, -0.309017, 0.0, -0.809017, -0.309017, -0.5, 0.0, 0.309017, 0.5, -0.809017, 0.0, 0.0, 0.0, 0.0, 1.0 ], [ -0.309017, -0.5, 0.809017, 0.0, 0.5, -0.809017, -0.309017, 0.0, 0.809017, 0.309017, 0.5, 0.0, 0.0, 0.0, 0.0, 1.0 ], [ -0.5, -0.809017, -0.309017, 0.0, -0.809017, 0.309017, 0.5, 0.0, -0.309017, 0.5, -0.809017, 0.0, 0.0, 0.0, 0.0, 1.0 ], [ 0.309017, -0.5, 0.809017, 0.0, -0.5, -0.809017, -0.309017, 0.0, 0.809017, -0.309017, -0.5, 0.0, 0.0, 0.0, 0.0, 1.0 ], [ -0.809017, 0.309017, 0.5, 0.0, 0.309017, -0.5, 0.809017, 0.0, 0.5, 0.809017, 0.309017, 0.0, 0.0, 0.0, 0.0, 1.0 ], [ -0.5, -0.809017, 0.309017, 0.0, -0.809017, 0.309017, -0.5, 0.0, 0.309017, -0.5, -0.809017, 0.0, 0.0, 0.0, 0.0, 1.0 ], [ -0.309017, 0.5, 0.809017, 0.0, -0.5, -0.809017, 0.309017, 0.0, 0.809017, -0.309017, 0.5, 0.0, 0.0, 0.0, 0.0, 1.0 ], [ -0.809017, 0.309017, -0.5, 0.0, -0.309017, 0.5, 0.809017, 0.0, 0.5, 0.809017, -0.309017, 0.0, 0.0, 0.0, 0.0, 1.0 ], [ -0.809017, -0.309017, 0.5, 0.0, -0.309017, -0.5, -0.809017, 0.0, 0.5, -0.809017, 0.309017, 0.0, 0.0, 0.0, 0.0, 1.0 ], [ -0.5, 0.809017, -0.309017, 0.0, -0.809017, -0.309017, 0.5, 0.0, 0.309017, 0.5, 0.809017, 0.0, 0.0, 0.0, 0.0, 1.0 ], [ -0.309017, -0.5, -0.809017, 0.0, -0.5, 0.809017, -0.309017, 0.0, 0.809017, 0.309017, -0.5, 0.0, 0.0, 0.0, 0.0, 1.0 ], [ -1.0, 0.0, 0.0, 0.0, 0.0, 1.0, 0.0, 0.0, 0.0, 0.0, -1.0, 0.0, 0.0, 0.0, 0.0, 1.0 ], [ 0.0, 0.0, -1.0, 0.0, 1.0, 0.0, 0.0, 0.0, 0.0, -1.0, 0.0, 0.0, 0.0, 0.0, 0.0, 1.0 ], [ 0.0, -1.0, 0.0, 0.0, 0.0, 0.0, 1.0, 0.0, -1.0, 0.0, 0.0, 0.0, 0.0, 0.0, 0.0, 1.0 ], [ -0.809017, -0.309017, -0.5, 0.0, 0.309017, 0.5, -0.809017, 0.0, 0.5, -0.809017, -0.309017, 0.0, 0.0, 0.0, 0.0, 1.0 ], [ 0.5, -0.809017, -0.309017, 0.0, 0.809017, 0.309017, 0.5, 0.0, -0.309017, -0.5, 0.809017, 0.0, 0.0, 0.0, 0.0, 1.0 ], [ -0.309017, -0.5, 0.809017, 0.0, -0.5, 0.809017, 0.309017, 0.0, -0.809017, -0.309017, -0.5, 0.0, 0.0, 0.0, 0.0, 1.0 ], [ -0.5, -0.809017, -0.309017, 0.0, 0.809017, -0.309017, -0.5, 0.0, 0.309017, -0.5, 0.809017, 0.0, 0.0, 0.0, 0.0, 1.0 ], [ 0.309017, -0.5, 0.809017, 0.0, 0.5, 0.809017, 0.309017, 0.0, -0.809017, 0.309017, 0.5, 0.0, 0.0, 0.0, 0.0, 1.0 ], [ -0.809017, 0.309017, 0.5, 0.0, -0.309017, 0.5, -0.809017, 0.0, -0.5, -0.809017, -0.309017, 0.0, 0.0, 0.0, 0.0, 1.0 ], [ -0.5, -0.809017, 0.309017, 0.0, 0.809017, -0.309017, 0.5, 0.0, -0.309017, 0.5, 0.809017, 0.0, 0.0, 0.0, 0.0, 1.0 ], [ -0.309017, 0.5, 0.809017, 0.0, 0.5, 0.809017, -0.309017, 0.0, -0.809017, 0.309017, -0.5, 0.0, 0.0, 0.0, 0.0, 1.0 ], [ -0.809017, 0.309017, -0.5, 0.0, 0.309017, -0.5, -0.809017, 0.0, -0.5, -0.809017, 0.309017, 0.0, 0.0, 0.0, 0.0, 1.0 ], [ -0.809017, -0.309017, 0.5, 0.0, 0.309017, 0.5, 0.809017, 0.0, -0.5, 0.809017, -0.309017, 0.0, 0.0, 0.0, 0.0, 1.0 ], [ -0.5, 0.809017, -0.309017, 0.0, 0.809017, 0.309017, -0.5, 0.0, -0.309017, -0.5, -0.809017, 0.0, 0.0, 0.0, 0.0, 1.0 ], [ -0.309017, -0.5, -0.809017, 0.0, 0.5, -0.809017, 0.309017, 0.0, -0.809017, -0.309017, 0.5, 0.0, 0.0, 0.0, 0.0, 1.0 ] ],
  "lights" : {
    "ambientColor" : "#292929",
    "backgroundColor" : "#AFC8DC",
    "directionalLights" : [ {
      "direction" : [ 1.0, -1.0, -1.0 ],
      "color" : "#EBEBE4"
    }, {
      "direction" : [ -1.0, 0.0, 0.0 ],
      "color" : "#E4E4EB"
    }, {
      "direction" : [ 0.0, 0.0, -1.0 ],
      "color" : "#1E1E1E"
    } ]
  },
  "camera" : {
    "viewDistance" : 684.63074,
    "lookAtPointRV" : {
      "x" : 0.0,
      "y" : 0.0,
      "z" : 0.0,
      "zero" : true
    },
    "lookDirectionRV" : {
      "x" : 0.0,
      "y" : -0.8506508,
      "z" : 0.5257311,
      "zero" : false
    },
    "upDirectionRV" : {
      "x" : 0.809017,
      "y" : 0.309017,
      "z" : 0.5,
      "zero" : false
    },
    "lookDirection" : {
      "x" : 0.0,
      "y" : -0.8506508,
      "z" : 0.5257311
    },
    "nearClipDistance" : 1.7115775,
    "farClipDistance" : 1369.2589,
    "position" : {
      "x" : 0.0,
      "y" : 582.38165,
      "z" : -359.93167
    },
    "width" : 308.08405,
    "lookAtPoint" : {
      "x" : 0.0,
      "y" : 0.0,
      "z" : 0.0
    },
    "upDirection" : {
      "x" : 0.809017,
      "y" : 0.309017,
      "z" : 0.5
    },
    "stereo" : false,
    "perspective" : false,
    "fieldOfView" : 0.4426292
  },
  "embedding" : [ 1.0, 0.0, 0.0, 0.0, 0.0, 1.0, 0.0, 0.0, 0.0, 0.0, 1.0, 0.0, 0.0, 0.0, 0.0, 1.0 ],
  "shapes" : [ {
    "id" : "ec6739ee-3340-4e63-815c-1e99c44fc120",
    "orbit" : "yellow",
    "orbitC" : "[[0,0,1],[2,-1,1]]",
    "length" : "[1,2,1]",
    "name" : " :1 +2*phi",
    "vertices" : [ {
      "x" : 0.809017,
      "y" : 0.0,
      "z" : -0.690983
    }, {
      "x" : 1.0,
      "y" : 0.309017,
      "z" : -0.19098301
    }, {
      "x" : 13.708204,
      "y" : 0.309017,
      "z" : -5.045085
    }, {
      "x" : 13.5172205,
      "y" : 0.0,
      "z" : -5.545085
    }, {
      "x" : 28.034441,
      "y" : 0.309017,
      "z" : -10.899187
    }, {
      "x" : 1.0,
      "y" : -0.309017,
      "z" : -0.19098301
    }, {
      "x" : 13.708204,
      "y" : -0.309017,
      "z" : -5.045085
    }, {
      "x" : 15.326238,
      "y" : 0.309017,
      "z" : -6.045085
    }, {
      "x" : 15.5172205,
      "y" : 0.0,
      "z" : -5.545085
    }, {
      "x" : 29.034441,
      "y" : 0.0,
      "z" : -11.09017
    }, {
      "x" : 15.326238,
      "y" : -0.309017,
      "z" : -6.045085
    }, {
      "x" : 28.225426,
      "y" : 0.0,
      "z" : -10.399187
    }, {
      "x" : 28.034441,
      "y" : -0.309017,
      "z" : -10.899187
    } ],
    "faces" : [ {
      "vertices" : [ 2, 6, 8 ]
    }, {
      "vertices" : [ 4, 12, 10, 7 ]
    }, {
      "vertices" : [ 2, 8, 7 ]
    }, {
      "vertices" : [ 3, 10, 6 ]
    }, {
      "vertices" : [ 3, 7, 10 ]
    }, {
      "vertices" : [ 0, 1, 2, 3 ]
    }, {
      "vertices" : [ 6, 10, 8 ]
    }, {
      "vertices" : [ 8, 10, 12, 11 ]
    }, {
      "vertices" : [ 2, 7, 3 ]
    }, {
      "vertices" : [ 0, 3, 6, 5 ]
    }, {
      "vertices" : [ 1, 5, 6, 2 ]
    }, {
      "vertices" : [ 4, 7, 8, 11 ]
    } ]
  }, {
    "id" : "97b401bf-b918-4560-8f23-f49d0e3b82bf",
    "orbit" : "yellow",
    "orbitC" : "[[0,0,1],[2,-1,1]]",
    "length" : "[1,0,1]",
    "name" : "y1",
    "vertices" : [ {
      "x" : 0.809017,
      "y" : 0.0,
      "z" : -0.690983
    }, {
      "x" : 1.0,
      "y" : 0.309017,
      "z" : -0.19098301
    }, {
      "x" : 2.618034,
      "y" : 0.309017,
      "z" : -0.809017
    }, {
      "x" : 2.427051,
      "y" : 0.0,
      "z" : -1.309017
    }, {
      "x" : 5.854102,
      "y" : 0.309017,
      "z" : -2.427051
    }, {
      "x" : 1.0,
      "y" : -0.309017,
      "z" : -0.19098301
    }, {
      "x" : 2.618034,
      "y" : -0.309017,
      "z" : -0.809017
    }, {
      "x" : 4.236068,
      "y" : 0.309017,
      "z" : -1.809017
    }, {
      "x" : 4.427051,
      "y" : 0.0,
      "z" : -1.309017
    }, {
      "x" : 6.854102,
      "y" : 0.0,
      "z" : -2.618034
    }, {
      "x" : 4.236068,
      "y" : -0.309017,
      "z" : -1.809017
    }, {
      "x" : 6.045085,
      "y" : 0.0,
      "z" : -1.927051
    }, {
      "x" : 5.854102,
      "y" : -0.309017,
      "z" : -2.427051
    } ],
    "faces" : [ {
      "vertices" : [ 2, 6, 8 ]
    }, {
      "vertices" : [ 4, 12, 10, 7 ]
    }, {
      "vertices" : [ 2, 8, 7 ]
    }, {
      "vertices" : [ 3, 10, 6 ]
    }, {
      "vertices" : [ 3, 7, 10 ]
    }, {
      "vertices" : [ 0, 1, 2, 3 ]
    }, {
      "vertices" : [ 6, 10, 8 ]
    }, {
      "vertices" : [ 8, 10, 12, 11 ]
    }, {
      "vertices" : [ 2, 7, 3 ]
    }, {
      "vertices" : [ 0, 3, 6, 5 ]
    }, {
      "vertices" : [ 1, 5, 6, 2 ]
    }, {
      "vertices" : [ 4, 7, 8, 11 ]
    } ]
  }, {
    "id" : "02bd3319-808a-42ee-b5d3-62158ab5a949",
    "orbit" : "yellow",
    "orbitC" : "[[0,0,1],[2,-1,1]]",
    "length" : "[1,1,1]",
    "name" : "y3",
    "vertices" : [ {
      "x" : 0.809017,
      "y" : 0.0,
      "z" : -0.690983
    }, {
      "x" : 1.0,
      "y" : 0.309017,
      "z" : -0.19098301
    }, {
      "x" : 8.163119,
      "y" : 0.309017,
      "z" : -2.927051
    }, {
      "x" : 7.972136,
      "y" : 0.0,
      "z" : -3.427051
    }, {
      "x" : 16.944271,
      "y" : 0.309017,
      "z" : -6.663119
    }, {
      "x" : 1.0,
      "y" : -0.309017,
      "z" : -0.19098301
    }, {
      "x" : 8.163119,
      "y" : -0.309017,
      "z" : -2.927051
    }, {
      "x" : 9.781153,
      "y" : 0.309017,
      "z" : -3.927051
    }, {
      "x" : 9.972136,
      "y" : 0.0,
      "z" : -3.427051
    }, {
      "x" : 17.944271,
      "y" : 0.0,
      "z" : -6.854102
    }, {
      "x" : 9.781153,
      "y" : -0.309017,
      "z" : -3.927051
    }, {
      "x" : 17.135256,
      "y" : 0.0,
      "z" : -6.163119
    }, {
      "x" : 16.944271,
      "y" : -0.309017,
      "z" : -6.663119
    } ],
    "faces" : [ {
      "vertices" : [ 2, 6, 8 ]
    }, {
      "vertices" : [ 4, 12, 10, 7 ]
    }, {
      "vertices" : [ 2, 8, 7 ]
    }, {
      "vertices" : [ 3, 10, 6 ]
    }, {
      "vertices" : [ 3, 7, 10 ]
    }, {
      "vertices" : [ 0, 1, 2, 3 ]
    }, {
      "vertices" : [ 6, 10, 8 ]
    }, {
      "vertices" : [ 8, 10, 12, 11 ]
    }, {
      "vertices" : [ 2, 7, 3 ]
    }, {
      "vertices" : [ 0, 3, 6, 5 ]
    }, {
      "vertices" : [ 1, 5, 6, 2 ]
    }, {
      "vertices" : [ 4, 7, 8, 11 ]
    } ]
  }, {
    "id" : "b9ec5ec3-1af0-4719-8073-f1009fa73c13",
    "name" : "ball",
    "vertices" : [ {
      "x" : 0.309017,
      "y" : -0.809017,
      "z" : 0.618034
    }, {
      "x" : 0.809017,
      "y" : -0.618034,
      "z" : 0.309017
    }, {
      "x" : 0.618034,
      "y" : -0.309017,
      "z" : 0.809017
    }, {
      "x" : 1.0,
      "y" : 0.309017,
      "z" : 0.19098301
    }, {
      "x" : 0.809017,
      "y" : 0.618034,
      "z" : 0.309017
    }, {
      "x" : 0.618034,
      "y" : 0.309017,
      "z" : 0.809017
    }, {
      "x" : 0.809017,
      "y" : 0.0,
      "z" : 0.690983
    }, {
      "x" : 0.19098301,
      "y" : -1.0,
      "z" : 0.309017
    }, {
      "x" : -0.19098301,
      "y" : -1.0,
      "z" : 0.309017
    }, {
      "x" : -0.19098301,
      "y" : -1.0,
      "z" : -0.309017
    }, {
      "x" : 0.19098301,
      "y" : -1.0,
      "z" : -0.309017
    }, {
      "x" : 1.0,
      "y" : -0.309017,
      "z" : -0.19098301
    }, {
      "x" : 0.809017,
      "y" : -0.618034,
      "z" : -0.309017
    }, {
      "x" : 0.618034,
      "y" : -0.309017,
      "z" : -0.809017
    }, {
      "x" : 0.809017,
      "y" : 0.0,
      "z" : -0.690983
    }, {
      "x" : 0.0,
      "y" : 0.690983,
      "z" : -0.809017
    }, {
      "x" : 0.309017,
      "y" : 0.809017,
      "z" : -0.618034
    }, {
      "x" : 0.618034,
      "y" : 0.309017,
      "z" : -0.809017
    }, {
      "x" : 0.309017,
      "y" : 0.19098301,
      "z" : -1.0
    }, {
      "x" : 1.0,
      "y" : 0.309017,
      "z" : -0.19098301
    }, {
      "x" : -0.309017,
      "y" : -0.809017,
      "z" : 0.618034
    }, {
      "x" : 0.0,
      "y" : -0.690983,
      "z" : 0.809017
    }, {
      "x" : 0.809017,
      "y" : 0.618034,
      "z" : -0.309017
    }, {
      "x" : 0.690983,
      "y" : 0.809017,
      "z" : 0.0
    }, {
      "x" : -0.690983,
      "y" : 0.809017,
      "z" : 0.0
    }, {
      "x" : -0.809017,
      "y" : 0.618034,
      "z" : 0.309017
    }, {
      "x" : -0.309017,
      "y" : 0.809017,
      "z" : 0.618034
    }, {
      "x" : -0.19098301,
      "y" : 1.0,
      "z" : 0.309017
    }, {
      "x" : 0.309017,
      "y" : -0.19098301,
      "z" : -1.0
    }, {
      "x" : 0.19098301,
      "y" : 1.0,
      "z" : 0.309017
    }, {
      "x" : 0.309017,
      "y" : 0.809017,
      "z" : 0.618034
    }, {
      "x" : -0.809017,
      "y" : -0.618034,
      "z" : 0.309017
    }, {
      "x" : -0.690983,
      "y" : -0.809017,
      "z" : 0.0
    }, {
      "x" : 0.0,
      "y" : 0.690983,
      "z" : 0.809017
    }, {
      "x" : 0.309017,
      "y" : -0.809017,
      "z" : -0.618034
    }, {
      "x" : 0.0,
      "y" : -0.690983,
      "z" : -0.809017
    }, {
      "x" : -1.0,
      "y" : 0.309017,
      "z" : 0.19098301
    }, {
      "x" : -0.809017,
      "y" : 0.0,
      "z" : 0.690983
    }, {
      "x" : -0.618034,
      "y" : 0.309017,
      "z" : 0.809017
    }, {
      "x" : 1.0,
      "y" : -0.309017,
      "z" : 0.19098301
    }, {
      "x" : -0.309017,
      "y" : -0.809017,
      "z" : -0.618034
    }, {
      "x" : -1.0,
      "y" : 0.309017,
      "z" : -0.19098301
    }, {
      "x" : -1.0,
      "y" : -0.309017,
      "z" : -0.19098301
    }, {
      "x" : -1.0,
      "y" : -0.309017,
      "z" : 0.19098301
    }, {
      "x" : 0.19098301,
      "y" : 1.0,
      "z" : -0.309017
    }, {
      "x" : -0.809017,
      "y" : 0.618034,
      "z" : -0.309017
    }, {
      "x" : -0.19098301,
      "y" : 1.0,
      "z" : -0.309017
    }, {
      "x" : -0.309017,
      "y" : 0.809017,
      "z" : -0.618034
    }, {
      "x" : -0.618034,
      "y" : -0.309017,
      "z" : 0.809017
    }, {
      "x" : 0.309017,
      "y" : 0.19098301,
      "z" : 1.0
    }, {
      "x" : -0.309017,
      "y" : 0.19098301,
      "z" : -1.0
    }, {
      "x" : -0.309017,
      "y" : 0.19098301,
      "z" : 1.0
    }, {
      "x" : -0.309017,
      "y" : -0.19098301,
      "z" : 1.0
    }, {
      "x" : 0.309017,
      "y" : -0.19098301,
      "z" : 1.0
    }, {
      "x" : 0.690983,
      "y" : -0.809017,
      "z" : 0.0
    }, {
      "x" : -0.809017,
      "y" : 0.0,
      "z" : -0.690983
    }, {
      "x" : -0.618034,
      "y" : -0.309017,
      "z" : -0.809017
    }, {
      "x" : -0.309017,
      "y" : -0.19098301,
      "z" : -1.0
    }, {
      "x" : -0.618034,
      "y" : 0.309017,
      "z" : -0.809017
    }, {
      "x" : -0.809017,
      "y" : -0.618034,
      "z" : -0.309017
    } ],
    "faces" : [ {
      "vertices" : [ 9, 40, 35, 34, 10 ]
    }, {
      "vertices" : [ 0, 1, 2 ]
    }, {
      "vertices" : [ 33, 51, 49 ]
    }, {
      "vertices" : [ 25, 36, 37, 38 ]
    }, {
      "vertices" : [ 41, 55, 42 ]
    }, {
      "vertices" : [ 9, 32, 59, 40 ]
    }, {
      "vertices" : [ 20, 21, 52, 48 ]
    }, {
      "vertices" : [ 26, 33, 30, 29, 27 ]
    }, {
      "vertices" : [ 3, 4, 5, 6 ]
    }, {
      "vertices" : [ 27, 29, 44, 46 ]
    }, {
      "vertices" : [ 50, 57, 56, 55, 58 ]
    }, {
      "vertices" : [ 26, 38, 51, 33 ]
    }, {
      "vertices" : [ 45, 47, 58 ]
    }, {
      "vertices" : [ 18, 28, 57, 50 ]
    }, {
      "vertices" : [ 40, 59, 56 ]
    }, {
      "vertices" : [ 31, 48, 37, 43 ]
    }, {
      "vertices" : [ 7, 8, 9, 10 ]
    }, {
      "vertices" : [ 36, 41, 42, 43 ]
    }, {
      "vertices" : [ 24, 46, 47, 45 ]
    }, {
      "vertices" : [ 4, 30, 5 ]
    }, {
      "vertices" : [ 15, 47, 46, 44, 16 ]
    }, {
      "vertices" : [ 15, 50, 58, 47 ]
    }, {
      "vertices" : [ 24, 45, 41, 36, 25 ]
    }, {
      "vertices" : [ 11, 14, 19 ]
    }, {
      "vertices" : [ 3, 6, 39 ]
    }, {
      "vertices" : [ 1, 39, 6, 2 ]
    }, {
      "vertices" : [ 8, 32, 9 ]
    }, {
      "vertices" : [ 11, 12, 13, 14 ]
    }, {
      "vertices" : [ 16, 22, 17 ]
    }, {
      "vertices" : [ 0, 21, 20, 8, 7 ]
    }, {
      "vertices" : [ 12, 34, 13 ]
    }, {
      "vertices" : [ 35, 40, 56, 57 ]
    }, {
      "vertices" : [ 0, 7, 54, 1 ]
    }, {
      "vertices" : [ 15, 16, 17, 18 ]
    }, {
      "vertices" : [ 3, 19, 22, 23, 4 ]
    }, {
      "vertices" : [ 7, 10, 54 ]
    }, {
      "vertices" : [ 41, 45, 58, 55 ]
    }, {
      "vertices" : [ 3, 39, 11, 19 ]
    }, {
      "vertices" : [ 14, 17, 22, 19 ]
    }, {
      "vertices" : [ 0, 2, 53, 21 ]
    }, {
      "vertices" : [ 49, 51, 52, 53 ]
    }, {
      "vertices" : [ 31, 43, 42, 59, 32 ]
    }, {
      "vertices" : [ 15, 18, 50 ]
    }, {
      "vertices" : [ 42, 55, 56, 59 ]
    }, {
      "vertices" : [ 4, 23, 29, 30 ]
    }, {
      "vertices" : [ 25, 38, 26 ]
    }, {
      "vertices" : [ 13, 28, 18, 17, 14 ]
    }, {
      "vertices" : [ 8, 20, 31, 32 ]
    }, {
      "vertices" : [ 23, 44, 29 ]
    }, {
      "vertices" : [ 24, 27, 46 ]
    }, {
      "vertices" : [ 37, 48, 52, 51, 38 ]
    }, {
      "vertices" : [ 20, 48, 31 ]
    }, {
      "vertices" : [ 24, 25, 26, 27 ]
    }, {
      "vertices" : [ 16, 44, 23, 22 ]
    }, {
      "vertices" : [ 13, 34, 35, 28 ]
    }, {
      "vertices" : [ 10, 34, 12, 54 ]
    }, {
      "vertices" : [ 2, 6, 5, 49, 53 ]
    }, {
      "vertices" : [ 36, 43, 37 ]
    }, {
      "vertices" : [ 5, 30, 33, 49 ]
    }, {
      "vertices" : [ 1, 54, 12, 11, 39 ]
    }, {
      "vertices" : [ 28, 35, 57 ]
    }, {
      "vertices" : [ 21, 53, 52 ]
    } ]
  }, {
    "id" : "392685cb-0f52-4520-b3d8-649e24afb2f7",
    "orbit" : "yellow",
    "orbitC" : "[[0,0,1],[2,-1,1]]",
    "length" : "[0,1,1]",
    "name" : "y2",
    "vertices" : [ {
      "x" : 0.809017,
      "y" : 0.0,
      "z" : -0.690983
    }, {
      "x" : 1.0,
      "y" : 0.309017,
      "z" : -0.19098301
    }, {
      "x" : 4.736068,
      "y" : 0.309017,
      "z" : -1.618034
    }, {
      "x" : 4.545085,
      "y" : 0.0,
      "z" : -2.118034
    }, {
      "x" : 10.09017,
      "y" : 0.309017,
      "z" : -4.045085
    }, {
      "x" : 1.0,
      "y" : -0.309017,
      "z" : -0.19098301
    }, {
      "x" : 4.736068,
      "y" : -0.309017,
      "z" : -1.618034
    }, {
      "x" : 6.354102,
      "y" : 0.309017,
      "z" : -2.618034
    }, {
      "x" : 6.545085,
      "y" : 0.0,
      "z" : -2.118034
    }, {
      "x" : 11.09017,
      "y" : 0.0,
      "z" : -4.236068
    }, {
      "x" : 6.354102,
      "y" : -0.309017,
      "z" : -2.618034
    }, {
      "x" : 10.281153,
      "y" : 0.0,
      "z" : -3.545085
    }, {
      "x" : 10.09017,
      "y" : -0.309017,
      "z" : -4.045085
    } ],
    "faces" : [ {
      "vertices" : [ 2, 6, 8 ]
    }, {
      "vertices" : [ 4, 12, 10, 7 ]
    }, {
      "vertices" : [ 2, 8, 7 ]
    }, {
      "vertices" : [ 3, 10, 6 ]
    }, {
      "vertices" : [ 3, 7, 10 ]
    }, {
      "vertices" : [ 0, 1, 2, 3 ]
    }, {
      "vertices" : [ 6, 10, 8 ]
    }, {
      "vertices" : [ 8, 10, 12, 11 ]
    }, {
      "vertices" : [ 2, 7, 3 ]
    }, {
      "vertices" : [ 0, 3, 6, 5 ]
    }, {
      "vertices" : [ 1, 5, 6, 2 ]
    }, {
      "vertices" : [ 4, 7, 8, 11 ]
    } ]
  }, {
    "id" : "08fa8e87-3203-45c0-b79b-d5cccdae0c31",
    "orbit" : "yellow",
    "orbitC" : "[[0,0,1],[2,-1,1]]",
    "length" : "[2,3,1]",
    "name" : " :2 +3*phi",
    "vertices" : [ {
      "x" : 0.809017,
      "y" : 0.0,
      "z" : -0.690983
    }, {
      "x" : 1.0,
      "y" : 0.309017,
      "z" : -0.19098301
    }, {
      "x" : 22.68034,
      "y" : 0.309017,
      "z" : -8.472136
    }, {
      "x" : 22.489357,
      "y" : 0.0,
      "z" : -8.972136
    }, {
      "x" : 45.978714,
      "y" : 0.309017,
      "z" : -17.753288
    }, {
      "x" : 1.0,
      "y" : -0.309017,
      "z" : -0.19098301
    }, {
      "x" : 22.68034,
      "y" : -0.309017,
      "z" : -8.472136
    }, {
      "x" : 24.298374,
      "y" : 0.309017,
      "z" : -9.472136
    }, {
      "x" : 24.489357,
      "y" : 0.0,
      "z" : -8.972136
    }, {
      "x" : 46.978714,
      "y" : 0.0,
      "z" : -17.944271
    }, {
      "x" : 24.298374,
      "y" : -0.309017,
      "z" : -9.472136
    }, {
      "x" : 46.169697,
      "y" : 0.0,
      "z" : -17.253288
    }, {
      "x" : 45.978714,
      "y" : -0.309017,
      "z" : -17.753288
    } ],
    "faces" : [ {
      "vertices" : [ 2, 6, 8 ]
    }, {
      "vertices" : [ 4, 12, 10, 7 ]
    }, {
      "vertices" : [ 2, 8, 7 ]
    }, {
      "vertices" : [ 3, 10, 6 ]
    }, {
      "vertices" : [ 3, 7, 10 ]
    }, {
      "vertices" : [ 0, 1, 2, 3 ]
    }, {
      "vertices" : [ 6, 10, 8 ]
    }, {
      "vertices" : [ 8, 10, 12, 11 ]
    }, {
      "vertices" : [ 2, 7, 3 ]
    }, {
      "vertices" : [ 0, 3, 6, 5 ]
    }, {
      "vertices" : [ 1, 5, 6, 2 ]
    }, {
      "vertices" : [ 4, 7, 8, 11 ]
    } ]
  }, {
    "id" : "ab850b42-56a0-49d8-a00f-193bc6459ac3",
    "orbit" : "yellow",
    "orbitC" : "[[0,0,1],[2,-1,1]]",
    "length" : "[-1,1,1]",
    "name" : "y0",
    "vertices" : [ {
      "x" : 0.809017,
      "y" : 0.0,
      "z" : -0.690983
    }, {
      "x" : 1.0,
      "y" : 0.309017,
      "z" : -0.19098301
    }, {
      "x" : 1.309017,
      "y" : 0.309017,
      "z" : -0.309017
    }, {
      "x" : 1.118034,
      "y" : 0.0,
      "z" : -0.809017
    }, {
      "x" : 3.236068,
      "y" : 0.309017,
      "z" : -1.427051
    }, {
      "x" : 1.0,
      "y" : -0.309017,
      "z" : -0.19098301
    }, {
      "x" : 1.309017,
      "y" : -0.309017,
      "z" : -0.309017
    }, {
      "x" : 2.927051,
      "y" : 0.309017,
      "z" : -1.309017
    }, {
      "x" : 3.118034,
      "y" : 0.0,
      "z" : -0.809017
    }, {
      "x" : 4.236068,
      "y" : 0.0,
      "z" : -1.618034
    }, {
      "x" : 2.927051,
      "y" : -0.309017,
      "z" : -1.309017
    }, {
      "x" : 3.427051,
      "y" : 0.0,
      "z" : -0.927051
    }, {
      "x" : 3.236068,
      "y" : -0.309017,
      "z" : -1.427051
    } ],
    "faces" : [ {
      "vertices" : [ 2, 6, 8 ]
    }, {
      "vertices" : [ 4, 12, 10, 7 ]
    }, {
      "vertices" : [ 2, 8, 7 ]
    }, {
      "vertices" : [ 3, 10, 6 ]
    }, {
      "vertices" : [ 3, 7, 10 ]
    }, {
      "vertices" : [ 0, 1, 2, 3 ]
    }, {
      "vertices" : [ 6, 10, 8 ]
    }, {
      "vertices" : [ 8, 10, 12, 11 ]
    }, {
      "vertices" : [ 2, 7, 3 ]
    }, {
      "vertices" : [ 0, 3, 6, 5 ]
    }, {
      "vertices" : [ 1, 5, 6, 2 ]
    }, {
      "vertices" : [ 4, 7, 8, 11 ]
    } ]
  } ],
  "instances" : [ {
    "shape" : "ec6739ee-3340-4e63-815c-1e99c44fc120",
    "color" : "#FFB31A",
    "position" : {
      "x" : 76.01315,
      "y" : -29.034441,
      "z" : 46.978714
    },
    "orientation" : 24
  }, {
    "shape" : "97b401bf-b918-4560-8f23-f49d0e3b82bf",
    "color" : "#FFB31A",
    "position" : {
      "x" : -17.944271,
      "y" : 11.09017,
      "z" : -35.888542
    },
    "orientation" : 8
  }, {
    "shape" : "02bd3319-808a-42ee-b5d3-62158ab5a949",
    "color" : "#FFB31A",
    "position" : {
      "x" : -29.034441,
      "y" : 46.978714,
      "z" : 53.832817
    },
    "orientation" : 9
  }, {
    "shape" : "02bd3319-808a-42ee-b5d3-62158ab5a949",
    "color" : "#FFB31A",
    "position" : {
      "x" : -58.068882,
      "y" : -29.034441,
      "z" : -17.944271
    },
    "orientation" : 3
  }, {
    "shape" : "02bd3319-808a-42ee-b5d3-62158ab5a949",
    "color" : "#FFB31A",
    "position" : {
      "x" : -11.09017,
      "y" : -46.978714,
      "z" : 11.09017
    },
    "orientation" : 24
  }, {
    "shape" : "ec6739ee-3340-4e63-815c-1e99c44fc120",
    "color" : "#FFB31A",
    "position" : {
      "x" : 0.0,
      "y" : 17.944271,
      "z" : -46.978714
    },
    "orientation" : 0
  }, {
    "shape" : "b9ec5ec3-1af0-4719-8073-f1009fa73c13",
    "color" : "#000000",
    "position" : {
      "x" : -29.034441,
      "y" : -76.01315,
      "z" : -93.95743
    }
  }, {
    "shape" : "392685cb-0f52-4520-b3d8-649e24afb2f7",
    "color" : "#FFB31A",
    "position" : {
      "x" : -35.888542,
      "y" : 17.944271,
      "z" : -11.09017
    },
    "orientation" : 7
  }, {
    "shape" : "ec6739ee-3340-4e63-815c-1e99c44fc120",
    "color" : "#FFB31A",
    "position" : {
      "x" : -46.978714,
      "y" : -46.978714,
      "z" : 105.0476
    },
    "orientation" : 0
  }, {
    "shape" : "392685cb-0f52-4520-b3d8-649e24afb2f7",
    "color" : "#FFB31A",
    "position" : {
      "x" : -29.034441,
      "y" : -29.034441,
      "z" : -6.854102
    },
    "orientation" : 5
  }, {
    "shape" : "02bd3319-808a-42ee-b5d3-62158ab5a949",
    "color" : "#FFB31A",
    "position" : {
      "x" : 76.01315,
      "y" : -35.888542,
      "z" : -29.034441
    },
    "orientation" : 6
  }, {
    "shape" : "392685cb-0f52-4520-b3d8-649e24afb2f7",
    "color" : "#FFB31A",
    "position" : {
      "x" : 11.09017,
      "y" : 0.0,
      "z" : -40.12461
    },
    "orientation" : 24
  }, {
    "shape" : "02bd3319-808a-42ee-b5d3-62158ab5a949",
    "color" : "#FFB31A",
    "position" : {
      "x" : -17.944271,
      "y" : 11.09017,
      "z" : 58.068882
    },
    "orientation" : 24
  }, {
    "shape" : "392685cb-0f52-4520-b3d8-649e24afb2f7",
    "color" : "#FFB31A",
    "position" : {
      "x" : 0.0,
      "y" : -40.12461,
      "z" : 46.978714
    },
    "orientation" : 24
  }, {
    "shape" : "97b401bf-b918-4560-8f23-f49d0e3b82bf",
    "color" : "#FFB31A",
    "position" : {
      "x" : 58.068882,
      "y" : 35.888542,
      "z" : 0.0
    },
    "orientation" : 21
  }, {
    "shape" : "02bd3319-808a-42ee-b5d3-62158ab5a949",
    "color" : "#FFB31A",
    "position" : {
      "x" : -29.034441,
      "y" : -35.888542,
      "z" : 11.09017
    },
    "orientation" : 24
  }, {
    "shape" : "392685cb-0f52-4520-b3d8-649e24afb2f7",
    "color" : "#FFB31A",
    "position" : {
      "x" : -46.978714,
      "y" : 11.09017,
      "z" : -11.09017
    },
    "orientation" : 7
  }, {
    "shape" : "02bd3319-808a-42ee-b5d3-62158ab5a949",
    "color" : "#FFB31A",
    "position" : {
      "x" : 46.978714,
      "y" : 29.034441,
      "z" : -93.95743
    },
    "orientation" : 8
  }, {
    "shape" : "02bd3319-808a-42ee-b5d3-62158ab5a949",
    "color" : "#FFB31A",
    "position" : {
      "x" : 0.0,
      "y" : 76.01315,
      "z" : -11.09017
    },
    "orientation" : 5
  }, {
    "shape" : "b9ec5ec3-1af0-4719-8073-f1009fa73c13",
    "color" : "#F2F2F2",
    "position" : {
      "x" : 24.798374,
      "y" : 0.0,
      "z" : -76.01315
    }
  }, {
    "shape" : "02bd3319-808a-42ee-b5d3-62158ab5a949",
    "color" : "#FFB31A",
    "position" : {
      "x" : -17.944271,
      "y" : 29.034441,
      "z" : -11.09017
    },
    "orientation" : 0
  }, {
    "shape" : "392685cb-0f52-4520-b3d8-649e24afb2f7",
    "color" : "#FFB31A",
    "position" : {
      "x" : -40.12461,
      "y" : -64.92299,
      "z" : 11.09017
    },
    "orientation" : 21
  }, {
    "shape" : "392685cb-0f52-4520-b3d8-649e24afb2f7",
    "color" : "#FFB31A",
    "position" : {
      "x" : 17.944271,
      "y" : -11.09017,
      "z" : -58.068882
    },
    "orientation" : 8
  }, {
    "shape" : "02bd3319-808a-42ee-b5d3-62158ab5a949",
    "color" : "#FFB31A",
    "position" : {
      "x" : -35.888542,
      "y" : 11.09017,
      "z" : 29.034441
    },
    "orientation" : 7
  }, {
    "shape" : "02bd3319-808a-42ee-b5d3-62158ab5a949",
    "color" : "#FFB31A",
    "position" : {
      "x" : -29.034441,
      "y" : -76.01315,
      "z" : 0.0
    },
    "orientation" : 9
  }, {
    "shape" : "b9ec5ec3-1af0-4719-8073-f1009fa73c13",
    "color" : "#F2F2F2",
    "position" : {
      "x" : 0.0,
      "y" : 46.978714,
      "z" : 87.103325
    }
  }, {
    "shape" : "08fa8e87-3203-45c0-b79b-d5cccdae0c31",
    "color" : "#FFB31A",
    "position" : {
      "x" : 0.0,
      "y" : 46.978714,
      "z" : 122.99187
    },
    "orientation" : 24
  }, {
    "shape" : "392685cb-0f52-4520-b3d8-649e24afb2f7",
    "color" : "#FFB31A",
    "position" : {
      "x" : -17.944271,
      "y" : 24.798374,
      "z" : 0.0
    },
    "orientation" : 24
  }, {
    "shape" : "ec6739ee-3340-4e63-815c-1e99c44fc120",
    "color" : "#FFB31A",
    "position" : {
      "x" : 17.944271,
      "y" : 46.978714,
      "z" : 35.888542
    },
    "orientation" : 7
  }, {
    "shape" : "02bd3319-808a-42ee-b5d3-62158ab5a949",
    "color" : "#FFB31A",
    "position" : {
      "x" : 17.944271,
      "y" : -17.944271,
      "z" : -40.12461
    },
    "orientation" : 17
  }, {
    "shape" : "ab850b42-56a0-49d8-a00f-193bc6459ac3",
    "color" : "#FFB31A",
    "position" : {
      "x" : 11.09017,
      "y" : -13.708204,
      "z" : 4.236068
    },
    "orientation" : 9
  }, {
    "shape" : "97b401bf-b918-4560-8f23-f49d0e3b82bf",
    "color" : "#FFB31A",
    "position" : {
      "x" : 6.854102,
      "y" : -15.326238,
      "z" : 6.854102
    },
    "orientation" : 9
  }, {
    "shape" : "02bd3319-808a-42ee-b5d3-62158ab5a949",
    "color" : "#FFB31A",
    "position" : {
      "x" : -29.034441,
      "y" : 46.978714,
      "z" : 17.944271
    },
    "orientation" : 5
  }, {
    "shape" : "b9ec5ec3-1af0-4719-8073-f1009fa73c13",
    "color" : "#F2F2F2",
    "position" : {
      "x" : -58.068882,
      "y" : -35.888542,
      "z" : 35.888542
    }
  }, {
    "shape" : "b9ec5ec3-1af0-4719-8073-f1009fa73c13",
    "color" : "#F2F2F2",
    "position" : {
      "x" : 17.944271,
      "y" : -64.92299,
      "z" : -11.09017
    }
  }, {
    "shape" : "b9ec5ec3-1af0-4719-8073-f1009fa73c13",
    "color" : "#F2F2F2",
    "position" : {
      "x" : -46.978714,
      "y" : -35.888542,
      "z" : 40.12461
    }
  }, {
    "shape" : "ec6739ee-3340-4e63-815c-1e99c44fc120",
    "color" : "#FFB31A",
    "position" : {
      "x" : 64.92299,
      "y" : 64.92299,
      "z" : 29.034441
    },
    "orientation" : 6
  }, {
    "shape" : "02bd3319-808a-42ee-b5d3-62158ab5a949",
    "color" : "#FFB31A",
    "position" : {
      "x" : 29.034441,
      "y" : -29.034441,
      "z" : -87.103325
    },
    "orientation" : 0
  }, {
    "shape" : "02bd3319-808a-42ee-b5d3-62158ab5a949",
    "color" : "#FFB31A",
    "position" : {
      "x" : 29.034441,
      "y" : -58.068882,
      "z" : -46.978714
    },
    "orientation" : 8
  }, {
    "shape" : "392685cb-0f52-4520-b3d8-649e24afb2f7",
    "color" : "#FFB31A",
    "position" : {
      "x" : 0.0,
      "y" : 17.944271,
      "z" : -24.798374
    },
    "orientation" : 0
  }, {
    "shape" : "b9ec5ec3-1af0-4719-8073-f1009fa73c13",
    "color" : "#F2F2F2",
    "position" : {
      "x" : -35.888542,
      "y" : -13.708204,
      "z" : 22.18034
    }
  }, {
    "shape" : "02bd3319-808a-42ee-b5d3-62158ab5a949",
    "color" : "#FFB31A",
    "position" : {
      "x" : -64.92299,
      "y" : 0.0,
      "z" : -46.978714
    },
    "orientation" : 24
  }, {
    "shape" : "02bd3319-808a-42ee-b5d3-62158ab5a949",
    "color" : "#FFB31A",
    "position" : {
      "x" : 11.09017,
      "y" : 29.034441,
      "z" : -58.068882
    },
    "orientation" : 7
  }, {
    "shape" : "b9ec5ec3-1af0-4719-8073-f1009fa73c13",
    "color" : "#F2F2F2",
    "position" : {
      "x" : -40.12461,
      "y" : 29.034441,
      "z" : 82.867256
    }
  }, {
    "shape" : "02bd3319-808a-42ee-b5d3-62158ab5a949",
    "color" : "#FFB31A",
    "position" : {
      "x" : -58.068882,
      "y" : 29.034441,
      "z" : -17.944271
    },
    "orientation" : 24
  }, {
    "shape" : "392685cb-0f52-4520-b3d8-649e24afb2f7",
    "color" : "#FFB31A",
    "position" : {
      "x" : 17.944271,
      "y" : 82.867256,
      "z" : 58.068882
    },
    "orientation" : 17
  }, {
    "shape" : "392685cb-0f52-4520-b3d8-649e24afb2f7",
    "color" : "#FFB31A",
    "position" : {
      "x" : -29.034441,
      "y" : 6.854102,
      "z" : 29.034441
    },
    "orientation" : 7
  }, {
    "shape" : "02bd3319-808a-42ee-b5d3-62158ab5a949",
    "color" : "#FFB31A",
    "position" : {
      "x" : 11.09017,
      "y" : -35.888542,
      "z" : 76.01315
    },
    "orientation" : 7
  }, {
    "shape" : "b9ec5ec3-1af0-4719-8073-f1009fa73c13",
    "color" : "#F2F2F2",
    "position" : {
      "x" : 29.034441,
      "y" : -29.034441,
      "z" : -29.034441
    }
  }, {
    "shape" : "02bd3319-808a-42ee-b5d3-62158ab5a949",
    "color" : "#FFB31A",
    "position" : {
      "x" : -17.944271,
      "y" : -46.978714,
      "z" : 0.0
    },
    "orientation" : 17
  }, {
    "shape" : "02bd3319-808a-42ee-b5d3-62158ab5a949",
    "color" : "#FFB31A",
    "position" : {
      "x" : 46.978714,
      "y" : -6.854102,
      "z" : 0.0
    },
    "orientation" : 5
  }, {
    "shape" : "02bd3319-808a-42ee-b5d3-62158ab5a949",
    "color" : "#FFB31A",
    "position" : {
      "x" : -46.978714,
      "y" : -11.09017,
      "z" : -46.978714
    },
    "orientation" : 9
  }, {
    "shape" : "392685cb-0f52-4520-b3d8-649e24afb2f7",
    "color" : "#FFB31A",
    "position" : {
      "x" : 29.034441,
      "y" : -29.034441,
      "z" : 87.103325
    },
    "orientation" : 0
  }, {
    "shape" : "b9ec5ec3-1af0-4719-8073-f1009fa73c13",
    "color" : "#F2F2F2",
    "position" : {
      "x" : -17.944271,
      "y" : 105.0476,
      "z" : 0.0
    }
  }, {
    "shape" : "02bd3319-808a-42ee-b5d3-62158ab5a949",
    "color" : "#FFB31A",
    "position" : {
      "x" : -11.09017,
      "y" : -58.068882,
      "z" : -40.12461
    },
    "orientation" : 9
  }, {
    "shape" : "02bd3319-808a-42ee-b5d3-62158ab5a949",
    "color" : "#FFB31A",
    "position" : {
      "x" : -93.95743,
      "y" : 17.944271,
      "z" : -46.978714
    },
    "orientation" : 21
  }, {
    "shape" : "02bd3319-808a-42ee-b5d3-62158ab5a949",
    "color" : "#FFB31A",
    "position" : {
      "x" : -29.034441,
      "y" : 0.0,
      "z" : 105.0476
    },
    "orientation" : 24
  }, {
    "shape" : "392685cb-0f52-4520-b3d8-649e24afb2f7",
    "color" : "#FFB31A",
    "position" : {
      "x" : 53.832817,
      "y" : -46.978714,
      "z" : 0.0
    },
    "orientation" : 6
  }, {
    "shape" : "02bd3319-808a-42ee-b5d3-62158ab5a949",
    "color" : "#FFB31A",
    "position" : {
      "x" : 11.09017,
      "y" : 76.01315,
      "z" : 64.92299
    },
    "orientation" : 21
  }, {
    "shape" : "b9ec5ec3-1af0-4719-8073-f1009fa73c13",
    "color" : "#F2F2F2",
    "position" : {
      "x" : 11.09017,
      "y" : 93.95743,
      "z" : 40.12461
    }
  }, {
    "shape" : "392685cb-0f52-4520-b3d8-649e24afb2f7",
    "color" : "#FFB31A",
    "position" : {
      "x" : 11.09017,
      "y" : 76.01315,
      "z" : -6.854102
    },
    "orientation" : 5
  }, {
    "shape" : "02bd3319-808a-42ee-b5d3-62158ab5a949",
    "color" : "#FFB31A",
    "position" : {
      "x" : 22.18034,
      "y" : 0.0,
      "z" : -93.95743
    },
    "orientation" : 6
  }, {
    "shape" : "392685cb-0f52-4520-b3d8-649e24afb2f7",
    "color" : "#FFB31A",
    "position" : {
      "x" : -64.92299,
      "y" : -58.068882,
      "z" : -46.978714
    },
    "orientation" : 0
  }, {
    "shape" : "392685cb-0f52-4520-b3d8-649e24afb2f7",
    "color" : "#FFB31A",
    "position" : {
      "x" : 40.12461,
      "y" : 6.854102,
      "z" : -11.09017
    },
    "orientation" : 24
  }, {
    "shape" : "392685cb-0f52-4520-b3d8-649e24afb2f7",
    "color" : "#FFB31A",
    "position" : {
      "x" : 24.798374,
      "y" : -6.854102,
      "z" : -35.888542
    },
    "orientation" : 21
  }, {
    "shape" : "392685cb-0f52-4520-b3d8-649e24afb2f7",
    "color" : "#FFB31A",
    "position" : {
      "x" : -40.12461,
      "y" : 11.09017,
      "z" : 35.888542
    },
    "orientation" : 21
  }, {
    "shape" : "392685cb-0f52-4520-b3d8-649e24afb2f7",
    "color" : "#FFB31A",
    "position" : {
      "x" : -17.944271,
      "y" : 46.978714,
      "z" : 22.18034
    },
    "orientation" : 9
  }, {
    "shape" : "02bd3319-808a-42ee-b5d3-62158ab5a949",
    "color" : "#FFB31A",
    "position" : {
      "x" : -76.01315,
      "y" : 58.068882,
      "z" : -29.034441
    },
    "orientation" : 0
  }, {
    "shape" : "02bd3319-808a-42ee-b5d3-62158ab5a949",
    "color" : "#FFB31A",
    "position" : {
      "x" : 40.12461,
      "y" : 11.09017,
      "z" : -35.888542
    },
    "orientation" : 6
  }, {
    "shape" : "392685cb-0f52-4520-b3d8-649e24afb2f7",
    "color" : "#FFB31A",
    "position" : {
      "x" : 6.854102,
      "y" : 46.978714,
      "z" : -17.944271
    },
    "orientation" : 21
  }, {
    "shape" : "02bd3319-808a-42ee-b5d3-62158ab5a949",
    "color" : "#FFB31A",
    "position" : {
      "x" : -76.01315,
      "y" : -17.944271,
      "z" : 17.944271
    },
    "orientation" : 0
  }, {
    "shape" : "392685cb-0f52-4520-b3d8-649e24afb2f7",
    "color" : "#FFB31A",
    "position" : {
      "x" : 17.944271,
      "y" : -17.944271,
      "z" : -40.12461
    },
    "orientation" : 9
  }, {
    "shape" : "ec6739ee-3340-4e63-815c-1e99c44fc120",
    "color" : "#FFB31A",
    "position" : {
      "x" : -29.034441,
      "y" : -76.01315,
      "z" : -35.888542
    },
    "orientation" : 6
  }, {
